(0.0000000,0.0000000)  (0.0000000,-4.3845843e-06)  (0.0000000,0.00042143489)  (0.0000000,-0.00012515092)  (0.0000000,0.00019856973)  (0.0000000,-0.00021654998)  (0.0000000,-0.00038057672)  (0.0000000,-3.7243788e-05)  (0.0000000,1.9713194e-05)  (0.0000000,0.00011171265)  (0.0000000,-2.4622479e-05)  
(0.0000000,4.3845843e-06)  (0.070079563,0.0000000)  (0.0000000,-1.4475740e-05)  (0.0000000,0.00053876851)  (0.0000000,3.1430262e-05)  (0.0000000,4.0835166e-06)  (0.0000000,-2.2921660e-05)  (0.0000000,-0.0016654582)  (0.0000000,0.00032896583)  (0.0000000,9.3181078e-06)  (0.0000000,-2.2662638e-05)  
(-0.0000000,-0.00042143489)  (0.0000000,1.4475740e-05)  (0.075403697,0.0000000)  (0.0000000,-2.8518878e-05)  (0.0000000,-8.2020849e-05)  (0.0000000,0.0011311872)  (0.0000000,0.0017418397)  (0.0000000,-4.7576622e-05)  (0.0000000,7.5085549e-07)  (0.0000000,-3.4786412e-05)  (0.0000000,-0.00010867659)  
(0.0000000,0.00012515092)  (-0.0000000,-0.00053876851)  (0.0000000,2.8518878e-05)  (0.077761200,0.0000000)  (0.0000000,-0.013375669)  (0.0000000,0.0014509296)  (0.0000000,-0.00029380948)  (0.0000000,-8.4351328e-05)  (0.0000000,-0.00023152516)  (0.0000000,-4.2713418e-05)  (0.0000000,0.00052613104)  
(-0.0000000,-0.00019856973)  (-0.0000000,-3.1430262e-05)  (0.0000000,8.2020849e-05)  (0.0000000,0.013375669)  (0.081079710,0.0000000)  (0.0000000,-0.0073099195)  (0.0000000,0.0058466460)  (0.0000000,-0.00014197328)  (0.0000000,6.9686546e-05)  (0.0000000,0.00041567407)  (0.0000000,0.00089088783)  
(0.0000000,0.00021654998)  (-0.0000000,-4.0835166e-06)  (-0.0000000,-0.0011311872)  (-0.0000000,-0.0014509296)  (0.0000000,0.0073099195)  (0.081811767,0.0000000)  (0.0000000,-0.00056166096)  (0.0000000,-5.1611454e-05)  (0.0000000,-0.00085227502)  (0.0000000,-0.00016434058)  (0.0000000,0.00013569186)  
(0.0000000,0.00038057672)  (0.0000000,2.2921660e-05)  (-0.0000000,-0.0017418397)  (0.0000000,0.00029380948)  (-0.0000000,-0.0058466460)  (0.0000000,0.00056166096)  (0.082671346,0.0000000)  (0.0000000,0.00012096849)  (0.0000000,0.00048113519)  (0.0000000,-8.8419275e-05)  (0.0000000,-0.00011247711)  
(0.0000000,3.7243788e-05)  (0.0000000,0.0016654582)  (0.0000000,4.7576622e-05)  (0.0000000,8.4351328e-05)  (0.0000000,0.00014197328)  (0.0000000,5.1611454e-05)  (-0.0000000,-0.00012096849)  (0.086227077,0.0000000)  (0.0000000,-0.0018854971)  (0.0000000,6.6322528e-05)  (0.0000000,2.6599188e-05)  
(-0.0000000,-1.9713194e-05)  (-0.0000000,-0.00032896583)  (-0.0000000,-7.5085549e-07)  (0.0000000,0.00023152516)  (-0.0000000,-6.9686546e-05)  (0.0000000,0.00085227502)  (-0.0000000,-0.00048113519)  (0.0000000,0.0018854971)  (0.094109919,0.0000000)  (0.0000000,0.00014093764)  (0.0000000,-0.00020835786)  
(-0.0000000,-0.00011171265)  (-0.0000000,-9.3181078e-06)  (0.0000000,3.4786412e-05)  (0.0000000,4.2713418e-05)  (-0.0000000,-0.00041567407)  (0.0000000,0.00016434058)  (0.0000000,8.8419275e-05)  (-0.0000000,-6.6322528e-05)  (-0.0000000,-0.00014093764)  (0.095615192,0.0000000)  (0.0000000,0.00029543191)  
(0.0000000,2.4622479e-05)  (0.0000000,2.2662638e-05)  (0.0000000,0.00010867659)  (-0.0000000,-0.00052613104)  (-0.0000000,-0.00089088783)  (-0.0000000,-0.00013569186)  (0.0000000,0.00011247711)  (-0.0000000,-2.6599188e-05)  (0.0000000,0.00020835786)  (-0.0000000,-0.00029543191)  (0.097795744,0.0000000)  
