(0.0000000,0.0000000)  (0.0000000,-7.8518934e-05)  (0.0000000,6.4174267e-05)  (0.0000000,0.00016157837)  (0.0000000,4.7082289e-05)  (0.0000000,-1.3482576e-05)  (0.0000000,0.00018950888)  (0.0000000,-3.2934163e-05)  (0.0000000,-0.00019708821)  (0.0000000,-0.00024208092)  (0.0000000,-1.0231490e-05)  
(0.0000000,7.8518934e-05)  (0.084711330,0.0000000)  (0.0000000,-0.0020434923)  (0.0000000,0.00014806579)  (0.0000000,0.0075134405)  (0.0000000,-0.0089429267)  (0.0000000,0.0074030068)  (0.0000000,0.0011141691)  (0.0000000,-0.00051506075)  (0.0000000,-0.00038005008)  (0.0000000,0.00086427675)  
(-0.0000000,-6.4174267e-05)  (0.0000000,0.0020434923)  (0.086594759,0.0000000)  (0.0000000,-0.0044486604)  (0.0000000,0.0098118116)  (0.0000000,-0.012046514)  (0.0000000,0.00050239355)  (0.0000000,0.00033370277)  (0.0000000,-6.5628786e-06)  (0.0000000,-0.00035290044)  (0.0000000,-0.00060608901)  
(-0.0000000,-0.00016157837)  (-0.0000000,-0.00014806579)  (0.0000000,0.0044486604)  (0.087955974,0.0000000)  (0.0000000,0.0071944756)  (0.0000000,-0.0058652876)  (0.0000000,-0.0053233343)  (0.0000000,0.00019533329)  (0.0000000,-0.00010971386)  (0.0000000,-0.00013545215)  (0.0000000,-0.00024386329)  
(-0.0000000,-4.7082289e-05)  (-0.0000000,-0.0075134405)  (-0.0000000,-0.0098118116)  (-0.0000000,-0.0071944756)  (0.088837235,0.0000000)  (0.0000000,-0.0042386631)  (0.0000000,-0.0057780909)  (0.0000000,3.6273018e-05)  (0.0000000,-0.00010476795)  (0.0000000,-0.00010291864)  (0.0000000,8.6168802e-07)  
(0.0000000,1.3482576e-05)  (0.0000000,0.0089429267)  (0.0000000,0.012046514)  (0.0000000,0.0058652876)  (0.0000000,0.0042386631)  (0.090443203,0.0000000)  (0.0000000,0.0039221397)  (0.0000000,-0.0015373601)  (0.0000000,0.00013597086)  (0.0000000,0.00094548709)  (0.0000000,0.0011578969)  
(-0.0000000,-0.00018950888)  (-0.0000000,-0.0074030068)  (-0.0000000,-0.00050239355)  (0.0000000,0.0053233343)  (0.0000000,0.0057780909)  (-0.0000000,-0.0039221397)  (0.094150895,0.0000000)  (0.0000000,0.00017084979)  (0.0000000,-0.00041242512)  (0.0000000,0.00017143878)  (0.0000000,0.0010159385)  
(0.0000000,3.2934163e-05)  (-0.0000000,-0.0011141691)  (-0.0000000,-0.00033370277)  (-0.0000000,-0.00019533329)  (-0.0000000,-3.6273018e-05)  (0.0000000,0.0015373601)  (-0.0000000,-0.00017084979)  (0.11013524,0.0000000)  (0.0000000,-0.0092995641)  (0.0000000,-0.00015569667)  (0.0000000,0.0060704395)  
(0.0000000,0.00019708821)  (0.0000000,0.00051506075)  (0.0000000,6.5628786e-06)  (0.0000000,0.00010971386)  (0.0000000,0.00010476795)  (-0.0000000,-0.00013597086)  (0.0000000,0.00041242512)  (0.0000000,0.0092995641)  (0.11168020,0.0000000)  (0.0000000,0.010218340)  (0.0000000,4.1215903e-05)  
(0.0000000,0.00024208092)  (0.0000000,0.00038005008)  (0.0000000,0.00035290044)  (0.0000000,0.00013545215)  (0.0000000,0.00010291864)  (-0.0000000,-0.00094548709)  (-0.0000000,-0.00017143878)  (0.0000000,0.00015569667)  (-0.0000000,-0.010218340)  (0.11253078,0.0000000)  (0.0000000,0.0030079258)  
(0.0000000,1.0231490e-05)  (-0.0000000,-0.00086427675)  (0.0000000,0.00060608901)  (0.0000000,0.00024386329)  (-0.0000000,-8.6168802e-07)  (-0.0000000,-0.0011578969)  (-0.0000000,-0.0010159385)  (-0.0000000,-0.0060704395)  (-0.0000000,-4.1215903e-05)  (-0.0000000,-0.0030079258)  (0.11364981,0.0000000)  
