(0.0000000,0.0000000)  (0.0000000,-0.00010586730)  (0.0000000,-6.9786145e-05)  (0.0000000,7.3402984e-05)  (0.0000000,3.1643378e-05)  (0.0000000,0.00015005075)  (0.0000000,-0.00018090065)  (0.0000000,-4.0257441e-05)  (0.0000000,0.00010970908)  (0.0000000,7.6822578e-05)  (0.0000000,5.6576877e-05)  
(0.0000000,0.00010586730)  (0.035865275,0.0000000)  (0.0000000,-0.00071253200)  (0.0000000,0.00068317159)  (0.0000000,-0.00058825398)  (0.0000000,0.00024754663)  (0.0000000,-5.3979038e-05)  (0.0000000,-4.9443322e-06)  (0.0000000,-1.6321339e-05)  (0.0000000,-7.5165887e-06)  (0.0000000,-2.6304234e-05)  
(0.0000000,6.9786145e-05)  (0.0000000,0.00071253200)  (0.053144868,0.0000000)  (0.0000000,-6.3581250e-05)  (0.0000000,-2.1917575e-05)  (0.0000000,8.0119817e-06)  (0.0000000,1.1616024e-06)  (0.0000000,-2.3249679e-06)  (0.0000000,2.3149217e-05)  (0.0000000,-0.00016979837)  (0.0000000,-0.00017340180)  
(-0.0000000,-7.3402984e-05)  (-0.0000000,-0.00068317159)  (0.0000000,6.3581250e-05)  (0.053269266,0.0000000)  (0.0000000,-1.1129439e-05)  (0.0000000,-3.1036644e-05)  (0.0000000,-3.7207247e-06)  (0.0000000,4.8525444e-05)  (0.0000000,-0.00014369349)  (0.0000000,4.5730771e-05)  (0.0000000,0.00010140428)  
(-0.0000000,-3.1643378e-05)  (0.0000000,0.00058825398)  (0.0000000,2.1917575e-05)  (0.0000000,1.1129439e-05)  (0.054338319,0.0000000)  (0.0000000,0.0076326474)  (0.0000000,0.0019811416)  (0.0000000,-1.8401555e-05)  (0.0000000,0.00059966147)  (0.0000000,-0.00090482380)  (0.0000000,8.0283280e-05)  
(-0.0000000,-0.00015005075)  (-0.0000000,-0.00024754663)  (-0.0000000,-8.0119817e-06)  (0.0000000,3.1036644e-05)  (-0.0000000,-0.0076326474)  (0.056957664,0.0000000)  (0.0000000,-0.00061355738)  (0.0000000,-5.7704645e-05)  (0.0000000,-0.00028568459)  (0.0000000,-0.00029982749)  (0.0000000,0.0015854436)  
(0.0000000,0.00018090065)  (0.0000000,5.3979038e-05)  (-0.0000000,-1.1616024e-06)  (0.0000000,3.7207247e-06)  (-0.0000000,-0.0019811416)  (0.0000000,0.00061355738)  (0.057224284,0.0000000)  (0.0000000,-2.1355546e-06)  (0.0000000,-7.1066356e-05)  (0.0000000,3.7661939e-06)  (0.0000000,-0.00012261143)  
(0.0000000,4.0257441e-05)  (0.0000000,4.9443322e-06)  (0.0000000,2.3249679e-06)  (-0.0000000,-4.8525444e-05)  (0.0000000,1.8401555e-05)  (0.0000000,5.7704645e-05)  (0.0000000,2.1355546e-06)  (0.064751939,0.0000000)  (0.0000000,-0.00073064485)  (0.0000000,-0.00078690926)  (0.0000000,-0.00074736414)  
(-0.0000000,-0.00010970908)  (0.0000000,1.6321339e-05)  (-0.0000000,-2.3149217e-05)  (0.0000000,0.00014369349)  (-0.0000000,-0.00059966147)  (0.0000000,0.00028568459)  (0.0000000,7.1066356e-05)  (0.0000000,0.00073064485)  (0.068057955,0.0000000)  (0.0000000,0.022076981)  (0.0000000,0.0034614641)  
(-0.0000000,-7.6822578e-05)  (0.0000000,7.5165887e-06)  (0.0000000,0.00016979837)  (-0.0000000,-4.5730771e-05)  (0.0000000,0.00090482380)  (0.0000000,0.00029982749)  (-0.0000000,-3.7661939e-06)  (0.0000000,0.00078690926)  (-0.0000000,-0.022076981)  (0.068098196,0.0000000)  (0.0000000,0.0019871035)  
(-0.0000000,-5.6576877e-05)  (0.0000000,2.6304234e-05)  (0.0000000,0.00017340180)  (-0.0000000,-0.00010140428)  (-0.0000000,-8.0283280e-05)  (-0.0000000,-0.0015854436)  (0.0000000,0.00012261143)  (0.0000000,0.00074736414)  (-0.0000000,-0.0034614641)  (-0.0000000,-0.0019871035)  (0.071473485,0.0000000)  
