(0.0000000,0.0000000)  (0.0000000,-4.1730994e-05)  (0.0000000,-1.7801844e-06)  (0.0000000,-6.2453699e-06)  (0.0000000,0.00017690068)  (0.0000000,-0.00011847565)  (0.0000000,-5.8239073e-05)  (0.0000000,0.00023217956)  (0.0000000,-0.00012661200)  (0.0000000,2.5402386e-05)  (0.0000000,8.4911498e-05)  
(0.0000000,4.1730994e-05)  (0.045972401,0.0000000)  (0.0000000,1.8675928e-05)  (0.0000000,-3.2479563e-06)  (0.0000000,-7.5350078e-05)  (0.0000000,-7.1814813e-05)  (0.0000000,2.0142302e-05)  (0.0000000,7.9890136e-06)  (0.0000000,2.5621871e-05)  (0.0000000,-2.3974634e-05)  (0.0000000,1.0140131e-05)  
(0.0000000,1.7801844e-06)  (-0.0000000,-1.8675928e-05)  (0.058955937,0.0000000)  (0.0000000,-0.00029365628)  (0.0000000,0.00010004396)  (0.0000000,-1.5261833e-05)  (0.0000000,9.2379600e-06)  (0.0000000,-3.0898987e-05)  (0.0000000,5.1481589e-05)  (0.0000000,-0.00010720134)  (0.0000000,-0.00042606934)  
(0.0000000,6.2453699e-06)  (0.0000000,3.2479563e-06)  (0.0000000,0.00029365628)  (0.060461394,0.0000000)  (0.0000000,-4.9382525e-05)  (0.0000000,1.2367796e-05)  (0.0000000,7.3574679e-05)  (0.0000000,0.00036554546)  (0.0000000,0.00058896420)  (0.0000000,-0.00020303653)  (0.0000000,7.2479075e-05)  
(-0.0000000,-0.00017690068)  (0.0000000,7.5350078e-05)  (-0.0000000,-0.00010004396)  (0.0000000,4.9382525e-05)  (0.063902282,0.0000000)  (0.0000000,-0.0034329636)  (0.0000000,0.00069733933)  (0.0000000,-0.00041302873)  (0.0000000,-0.0031934691)  (0.0000000,-0.0021285624)  (0.0000000,-0.0016548174)  
(0.0000000,0.00011847565)  (0.0000000,7.1814813e-05)  (0.0000000,1.5261833e-05)  (-0.0000000,-1.2367796e-05)  (0.0000000,0.0034329636)  (0.065652493,0.0000000)  (0.0000000,0.010799251)  (0.0000000,-0.0010537457)  (0.0000000,0.0014124090)  (0.0000000,-0.00017743191)  (0.0000000,0.00053551558)  
(0.0000000,5.8239073e-05)  (-0.0000000,-2.0142302e-05)  (-0.0000000,-9.2379600e-06)  (-0.0000000,-7.3574679e-05)  (-0.0000000,-0.00069733933)  (-0.0000000,-0.010799251)  (0.068762449,0.0000000)  (0.0000000,0.00090244870)  (0.0000000,0.00044319046)  (0.0000000,0.0011452559)  (0.0000000,-0.00075408447)  
(-0.0000000,-0.00023217956)  (-0.0000000,-7.9890136e-06)  (0.0000000,3.0898987e-05)  (-0.0000000,-0.00036554546)  (0.0000000,0.00041302873)  (0.0000000,0.0010537457)  (-0.0000000,-0.00090244870)  (0.071329609,0.0000000)  (0.0000000,0.0013013387)  (0.0000000,0.0017935907)  (0.0000000,-0.0015389016)  
(0.0000000,0.00012661200)  (-0.0000000,-2.5621871e-05)  (-0.0000000,-5.1481589e-05)  (-0.0000000,-0.00058896420)  (0.0000000,0.0031934691)  (-0.0000000,-0.0014124090)  (-0.0000000,-0.00044319046)  (-0.0000000,-0.0013013387)  (0.073318327,0.0000000)  (0.0000000,-0.0049858409)  (0.0000000,0.00053620201)  
(-0.0000000,-2.5402386e-05)  (0.0000000,2.3974634e-05)  (0.0000000,0.00010720134)  (0.0000000,0.00020303653)  (0.0000000,0.0021285624)  (0.0000000,0.00017743191)  (-0.0000000,-0.0011452559)  (-0.0000000,-0.0017935907)  (0.0000000,0.0049858409)  (0.073922678,0.0000000)  (0.0000000,-0.012045198)  
(-0.0000000,-8.4911498e-05)  (-0.0000000,-1.0140131e-05)  (0.0000000,0.00042606934)  (-0.0000000,-7.2479075e-05)  (0.0000000,0.0016548174)  (-0.0000000,-0.00053551558)  (0.0000000,0.00075408447)  (0.0000000,0.0015389016)  (-0.0000000,-0.00053620201)  (0.0000000,0.012045198)  (0.074383154,0.0000000)  
