(0.0000000,0.0000000)  (0.0000000,-8.3442072e-07)  (0.0000000,5.4338309e-05)  (0.0000000,-0.00019455020)  (0.0000000,0.00011901663)  (0.0000000,-0.00014784815)  (0.0000000,-8.3421567e-05)  (0.0000000,-0.00011948350)  (0.0000000,9.4060835e-05)  (0.0000000,6.4006446e-05)  (0.0000000,8.3240734e-06)  
(0.0000000,8.3442072e-07)  (0.091965933,0.0000000)  (0.0000000,-0.00076886194)  (0.0000000,-0.00034639373)  (0.0000000,4.4989406e-05)  (0.0000000,-0.00033285934)  (0.0000000,0.00019312993)  (0.0000000,7.1031967e-07)  (0.0000000,0.00047311150)  (0.0000000,2.1884488e-05)  (0.0000000,8.8287726e-05)  
(-0.0000000,-5.4338309e-05)  (0.0000000,0.00076886194)  (0.10013836,0.0000000)  (0.0000000,0.00058398851)  (0.0000000,-0.0017472173)  (0.0000000,0.0010466272)  (0.0000000,-0.0010819949)  (0.0000000,-3.4196731e-05)  (0.0000000,-0.00091341148)  (0.0000000,-0.0012303713)  (0.0000000,0.00028508788)  
(0.0000000,0.00019455020)  (0.0000000,0.00034639373)  (-0.0000000,-0.00058398851)  (0.10249237,0.0000000)  (0.0000000,0.0056225779)  (0.0000000,0.0066429064)  (0.0000000,-0.0013412835)  (0.0000000,-0.00035143191)  (0.0000000,-0.0011066502)  (0.0000000,-0.00081339899)  (0.0000000,3.3267261e-05)  
(-0.0000000,-0.00011901663)  (-0.0000000,-4.4989406e-05)  (0.0000000,0.0017472173)  (-0.0000000,-0.0056225779)  (0.10435173,0.0000000)  (0.0000000,-0.0010036236)  (0.0000000,-0.00097199828)  (0.0000000,8.8173103e-05)  (0.0000000,-7.3303595e-05)  (0.0000000,-0.00040625866)  (0.0000000,0.00014466757)  
(0.0000000,0.00014784815)  (0.0000000,0.00033285934)  (-0.0000000,-0.0010466272)  (-0.0000000,-0.0066429064)  (0.0000000,0.0010036236)  (0.10517162,0.0000000)  (0.0000000,-0.020504889)  (0.0000000,4.9235207e-05)  (0.0000000,-0.00010177377)  (0.0000000,-2.6342109e-05)  (0.0000000,9.8312642e-05)  
(0.0000000,8.3421567e-05)  (-0.0000000,-0.00019312993)  (0.0000000,0.0010819949)  (0.0000000,0.0013412835)  (0.0000000,0.00097199828)  (0.0000000,0.020504889)  (0.10992595,0.0000000)  (0.0000000,0.00039226447)  (0.0000000,-0.00052069631)  (0.0000000,-0.0010886309)  (0.0000000,8.7652246e-05)  
(0.0000000,0.00011948350)  (-0.0000000,-7.1031967e-07)  (0.0000000,3.4196731e-05)  (0.0000000,0.00035143191)  (-0.0000000,-8.8173103e-05)  (-0.0000000,-4.9235207e-05)  (-0.0000000,-0.00039226447)  (0.12545845,0.0000000)  (0.0000000,0.00076946183)  (0.0000000,0.00085912831)  (0.0000000,0.00060363940)  
(-0.0000000,-9.4060835e-05)  (-0.0000000,-0.00047311150)  (0.0000000,0.00091341148)  (0.0000000,0.0011066502)  (0.0000000,7.3303595e-05)  (0.0000000,0.00010177377)  (0.0000000,0.00052069631)  (-0.0000000,-0.00076946183)  (0.12647514,0.0000000)  (0.0000000,-0.0041833416)  (0.0000000,0.0056677328)  
(-0.0000000,-6.4006446e-05)  (-0.0000000,-2.1884488e-05)  (0.0000000,0.0012303713)  (0.0000000,0.00081339899)  (0.0000000,0.00040625866)  (0.0000000,2.6342109e-05)  (0.0000000,0.0010886309)  (-0.0000000,-0.00085912831)  (0.0000000,0.0041833416)  (0.12674893,0.0000000)  (0.0000000,0.013217783)  
(-0.0000000,-8.3240734e-06)  (-0.0000000,-8.8287726e-05)  (-0.0000000,-0.00028508788)  (-0.0000000,-3.3267261e-05)  (-0.0000000,-0.00014466757)  (-0.0000000,-9.8312642e-05)  (-0.0000000,-8.7652246e-05)  (-0.0000000,-0.00060363940)  (-0.0000000,-0.0056677328)  (-0.0000000,-0.013217783)  (0.13101117,0.0000000)  
