(0.0000000,0.0000000)  (0.0000000,1.1258448e-05)  (0.0000000,-5.5711599e-06)  (0.0000000,-0.00010446739)  (0.0000000,-1.8443502e-05)  (0.0000000,-0.00015571139)  (0.0000000,0.00019897169)  (0.0000000,-0.00023761940)  (0.0000000,-0.00010119693)  (0.0000000,0.00016297686)  (0.0000000,-6.3220412e-05)  
(-0.0000000,-1.1258448e-05)  (0.089412554,0.0000000)  (0.0000000,-0.0013942353)  (0.0000000,0.0026761354)  (0.0000000,-0.00061667040)  (0.0000000,-0.0019873896)  (0.0000000,0.00011819609)  (0.0000000,-0.00010756632)  (0.0000000,-0.00022705540)  (0.0000000,0.00016310175)  (0.0000000,-2.1587091e-05)  
(0.0000000,5.5711599e-06)  (0.0000000,0.0013942353)  (0.095420969,0.0000000)  (0.0000000,0.0011996980)  (0.0000000,-0.00029430258)  (0.0000000,0.0017060749)  (0.0000000,3.4401131e-05)  (0.0000000,9.2752794e-05)  (0.0000000,-0.00037855270)  (0.0000000,0.00018464202)  (0.0000000,-2.4791084e-05)  
(0.0000000,0.00010446739)  (-0.0000000,-0.0026761354)  (-0.0000000,-0.0011996980)  (0.097145272,0.0000000)  (0.0000000,0.016567008)  (0.0000000,0.0058227463)  (0.0000000,-0.0028376242)  (0.0000000,-8.3244627e-05)  (0.0000000,0.0010703564)  (0.0000000,0.00014025247)  (0.0000000,-0.00061085973)  
(0.0000000,1.8443502e-05)  (0.0000000,0.00061667040)  (0.0000000,0.00029430258)  (-0.0000000,-0.016567008)  (0.098584947,0.0000000)  (0.0000000,0.0069616413)  (0.0000000,0.0049968297)  (0.0000000,0.00093876052)  (0.0000000,0.00010292956)  (0.0000000,-0.0017320133)  (0.0000000,6.8965028e-05)  
(0.0000000,0.00015571139)  (0.0000000,0.0019873896)  (-0.0000000,-0.0017060749)  (-0.0000000,-0.0058227463)  (-0.0000000,-0.0069616413)  (0.099475212,0.0000000)  (0.0000000,-0.015980280)  (0.0000000,0.00028466417)  (0.0000000,-0.00048131942)  (0.0000000,-0.00032197569)  (0.0000000,0.00060321902)  
(-0.0000000,-0.00019897169)  (-0.0000000,-0.00011819609)  (-0.0000000,-3.4401131e-05)  (0.0000000,0.0028376242)  (-0.0000000,-0.0049968297)  (0.0000000,0.015980280)  (0.10449524,0.0000000)  (0.0000000,0.0013394651)  (0.0000000,0.00014593103)  (0.0000000,0.00016066824)  (0.0000000,0.0039850593)  
(0.0000000,0.00023761940)  (0.0000000,0.00010756632)  (-0.0000000,-9.2752794e-05)  (0.0000000,8.3244627e-05)  (-0.0000000,-0.00093876052)  (-0.0000000,-0.00028466417)  (-0.0000000,-0.0013394651)  (0.12089688,0.0000000)  (0.0000000,6.4375869e-06)  (0.0000000,-0.0025779863)  (0.0000000,0.00026219418)  
(0.0000000,0.00010119693)  (0.0000000,0.00022705540)  (0.0000000,0.00037855270)  (-0.0000000,-0.0010703564)  (-0.0000000,-0.00010292956)  (0.0000000,0.00048131942)  (-0.0000000,-0.00014593103)  (-0.0000000,-6.4375869e-06)  (0.12178806,0.0000000)  (0.0000000,-0.00028375332)  (0.0000000,0.00077579338)  
(-0.0000000,-0.00016297686)  (-0.0000000,-0.00016310175)  (-0.0000000,-0.00018464202)  (-0.0000000,-0.00014025247)  (0.0000000,0.0017320133)  (0.0000000,0.00032197569)  (-0.0000000,-0.00016066824)  (0.0000000,0.0025779863)  (0.0000000,0.00028375332)  (0.12220205,0.0000000)  (0.0000000,-0.0018886136)  
(0.0000000,6.3220412e-05)  (0.0000000,2.1587091e-05)  (0.0000000,2.4791084e-05)  (0.0000000,0.00061085973)  (-0.0000000,-6.8965028e-05)  (-0.0000000,-0.00060321902)  (-0.0000000,-0.0039850593)  (-0.0000000,-0.00026219418)  (-0.0000000,-0.00077579338)  (0.0000000,0.0018886136)  (0.12558910,0.0000000)  
