(0.0000000,0.0000000)  (0.0000000,-0.00048407053)  (0.0000000,-1.1425850e-06)  (0.0000000,-9.0656862e-05)  (0.0000000,3.3103143e-05)  (0.0000000,-0.00010149386)  (0.0000000,-2.0828215e-05)  (0.0000000,3.1788273e-05)  (0.0000000,7.4425289e-05)  (0.0000000,-6.3311039e-05)  (0.0000000,8.0557483e-05)  
(0.0000000,0.00048407053)  (0.095148102,0.0000000)  (0.0000000,0.0011461464)  (0.0000000,-0.0020790315)  (0.0000000,-0.00073415564)  (0.0000000,-0.00046507229)  (0.0000000,0.00074613283)  (0.0000000,7.6773632e-06)  (0.0000000,7.3726119e-05)  (0.0000000,-0.00017776843)  (0.0000000,-5.1775776e-05)  
(0.0000000,1.1425850e-06)  (-0.0000000,-0.0011461464)  (0.10475267,0.0000000)  (0.0000000,0.00097949948)  (0.0000000,-0.0023354563)  (0.0000000,0.0025217923)  (0.0000000,0.0012548876)  (0.0000000,0.00024683763)  (0.0000000,0.00049432396)  (0.0000000,0.00040942014)  (0.0000000,0.00064446075)  
(0.0000000,9.0656862e-05)  (0.0000000,0.0020790315)  (-0.0000000,-0.00097949948)  (0.10803260,0.0000000)  (0.0000000,0.0022023537)  (0.0000000,-0.0058595303)  (0.0000000,0.00018560638)  (0.0000000,-0.00033012662)  (0.0000000,-0.00047710130)  (0.0000000,-0.00056960908)  (0.0000000,0.00063100174)  
(-0.0000000,-3.3103143e-05)  (0.0000000,0.00073415564)  (0.0000000,0.0023354563)  (-0.0000000,-0.0022023537)  (0.11041582,0.0000000)  (0.0000000,0.021558351)  (0.0000000,0.0033265495)  (0.0000000,-0.00043182808)  (0.0000000,-0.00017038440)  (0.0000000,-0.00062837194)  (0.0000000,-0.00037676820)  
(0.0000000,0.00010149386)  (0.0000000,0.00046507229)  (-0.0000000,-0.0025217923)  (0.0000000,0.0058595303)  (-0.0000000,-0.021558351)  (0.11118371,0.0000000)  (0.0000000,-0.0048962106)  (0.0000000,0.0012313827)  (0.0000000,-0.00019298741)  (0.0000000,-5.9767738e-05)  (0.0000000,0.00050117051)  
(0.0000000,2.0828215e-05)  (-0.0000000,-0.00074613283)  (-0.0000000,-0.0012548876)  (-0.0000000,-0.00018560638)  (-0.0000000,-0.0033265495)  (0.0000000,0.0048962106)  (0.11567565,0.0000000)  (0.0000000,0.0010731306)  (0.0000000,0.0019912834)  (0.0000000,0.0012978133)  (0.0000000,0.00026438845)  
(-0.0000000,-3.1788273e-05)  (-0.0000000,-7.6773632e-06)  (-0.0000000,-0.00024683763)  (0.0000000,0.00033012662)  (0.0000000,0.00043182808)  (-0.0000000,-0.0012313827)  (-0.0000000,-0.0010731306)  (0.13012403,0.0000000)  (0.0000000,0.0028575446)  (0.0000000,0.0020984762)  (0.0000000,-0.0020083098)  
(-0.0000000,-7.4425289e-05)  (-0.0000000,-7.3726119e-05)  (-0.0000000,-0.00049432396)  (0.0000000,0.00047710130)  (0.0000000,0.00017038440)  (0.0000000,0.00019298741)  (-0.0000000,-0.0019912834)  (-0.0000000,-0.0028575446)  (0.13106170,0.0000000)  (0.0000000,0.0014722797)  (0.0000000,-0.0091451006)  
(0.0000000,6.3311039e-05)  (0.0000000,0.00017776843)  (-0.0000000,-0.00040942014)  (0.0000000,0.00056960908)  (0.0000000,0.00062837194)  (0.0000000,5.9767738e-05)  (-0.0000000,-0.0012978133)  (-0.0000000,-0.0020984762)  (-0.0000000,-0.0014722797)  (0.13134357,0.0000000)  (0.0000000,-0.0043392790)  
(-0.0000000,-8.0557483e-05)  (0.0000000,5.1775776e-05)  (-0.0000000,-0.00064446075)  (-0.0000000,-0.00063100174)  (0.0000000,0.00037676820)  (-0.0000000,-0.00050117051)  (-0.0000000,-0.00026438845)  (0.0000000,0.0020083098)  (0.0000000,0.0091451006)  (0.0000000,0.0043392790)  (0.13590184,0.0000000)  
