(0.0000000,0.0000000)  (0.0000000,-3.9254080e-06)  (0.0000000,5.4881405e-06)  (0.0000000,9.0252554e-05)  (0.0000000,2.8887523e-05)  (0.0000000,-0.00018035680)  (0.0000000,4.6534210e-05)  (0.0000000,0.00051948355)  (0.0000000,5.8824810e-05)  (0.0000000,-4.5599040e-05)  (0.0000000,0.00033903831)  
(0.0000000,3.9254080e-06)  (0.041805152,0.0000000)  (0.0000000,-0.00018588345)  (0.0000000,6.1614111e-06)  (0.0000000,0.00012043146)  (0.0000000,-1.4000059e-05)  (0.0000000,-0.00012644422)  (0.0000000,7.7817486e-06)  (0.0000000,-1.7348802e-05)  (0.0000000,1.4146008e-05)  (0.0000000,6.2549682e-06)  
(-0.0000000,-5.4881405e-06)  (0.0000000,0.00018588345)  (0.056482489,0.0000000)  (0.0000000,3.2013937e-05)  (0.0000000,0.00012496645)  (0.0000000,1.7144474e-05)  (0.0000000,-5.8413675e-06)  (0.0000000,2.8470768e-06)  (0.0000000,-9.0820196e-06)  (0.0000000,-0.0010239537)  (0.0000000,-0.00021225035)  
(-0.0000000,-9.0252554e-05)  (-0.0000000,-6.1614111e-06)  (-0.0000000,-3.2013937e-05)  (0.057340414,0.0000000)  (0.0000000,1.3537170e-05)  (0.0000000,2.1927547e-05)  (0.0000000,7.0041378e-05)  (0.0000000,-0.00050909446)  (0.0000000,0.00072243644)  (0.0000000,-0.00023581985)  (0.0000000,-5.2511182e-05)  
(-0.0000000,-2.8887523e-05)  (-0.0000000,-0.00012043146)  (-0.0000000,-0.00012496645)  (-0.0000000,-1.3537170e-05)  (0.060847268,0.0000000)  (0.0000000,0.0090460410)  (0.0000000,-0.0015385575)  (0.0000000,-0.00032888269)  (0.0000000,-0.00095531627)  (0.0000000,0.00061477433)  (0.0000000,-0.00034961652)  
(0.0000000,0.00018035680)  (0.0000000,1.4000059e-05)  (-0.0000000,-1.7144474e-05)  (-0.0000000,-2.1927547e-05)  (-0.0000000,-0.0090460410)  (0.062062034,0.0000000)  (0.0000000,-0.00068804576)  (0.0000000,0.0017545222)  (0.0000000,0.0015406469)  (0.0000000,-0.0017103066)  (0.0000000,0.00081824018)  
(-0.0000000,-4.6534210e-05)  (0.0000000,0.00012644422)  (0.0000000,5.8413675e-06)  (-0.0000000,-7.0041378e-05)  (0.0000000,0.0015385575)  (0.0000000,0.00068804576)  (0.063217633,0.0000000)  (0.0000000,5.9683450e-05)  (0.0000000,-0.00059333037)  (0.0000000,-0.00013541573)  (0.0000000,-0.00065020169)  
(-0.0000000,-0.00051948355)  (-0.0000000,-7.7817486e-06)  (-0.0000000,-2.8470768e-06)  (0.0000000,0.00050909446)  (0.0000000,0.00032888269)  (-0.0000000,-0.0017545222)  (-0.0000000,-5.9683450e-05)  (0.068632722,0.0000000)  (0.0000000,-0.0030060079)  (0.0000000,0.0011837147)  (0.0000000,-0.00065584919)  
(-0.0000000,-5.8824810e-05)  (0.0000000,1.7348802e-05)  (0.0000000,9.0820196e-06)  (-0.0000000,-0.00072243644)  (0.0000000,0.00095531627)  (-0.0000000,-0.0015406469)  (0.0000000,0.00059333037)  (0.0000000,0.0030060079)  (0.071559480,0.0000000)  (0.0000000,-0.014622206)  (0.0000000,0.0031197471)  
(0.0000000,4.5599040e-05)  (-0.0000000,-1.4146008e-05)  (0.0000000,0.0010239537)  (0.0000000,0.00023581985)  (-0.0000000,-0.00061477433)  (0.0000000,0.0017103066)  (0.0000000,0.00013541573)  (-0.0000000,-0.0011837147)  (0.0000000,0.014622206)  (0.071838411,0.0000000)  (0.0000000,-0.0030198313)  
(-0.0000000,-0.00033903831)  (-0.0000000,-6.2549682e-06)  (0.0000000,0.00021225035)  (0.0000000,5.2511182e-05)  (0.0000000,0.00034961652)  (-0.0000000,-0.00081824018)  (0.0000000,0.00065020169)  (0.0000000,0.00065584919)  (-0.0000000,-0.0031197471)  (0.0000000,0.0030198313)  (0.072481533,0.0000000)  
