(0.0000000,0.0000000)  (0.0000000,-0.00027831128)  (0.0000000,9.4522201e-05)  (0.0000000,-6.8385449e-05)  (0.0000000,0.00021701828)  (0.0000000,-0.00019035509)  (0.0000000,-0.00055787979)  (0.0000000,-6.1624155e-05)  (0.0000000,0.00020745345)  (0.0000000,-0.00025436866)  (0.0000000,0.00018265875)  
(0.0000000,0.00027831128)  (0.080085443,0.0000000)  (0.0000000,-0.0053903949)  (0.0000000,0.0088103360)  (0.0000000,-0.00072179153)  (0.0000000,0.018612095)  (0.0000000,-0.0015688383)  (0.0000000,-0.00014849197)  (0.0000000,8.7171014e-05)  (0.0000000,3.0890005e-05)  (0.0000000,-0.00097246782)  
(-0.0000000,-9.4522201e-05)  (0.0000000,0.0053903949)  (0.083317041,0.0000000)  (0.0000000,0.0077032230)  (0.0000000,-0.0024244248)  (0.0000000,0.0034341388)  (0.0000000,-0.0016792224)  (0.0000000,0.0010185704)  (0.0000000,0.00023256534)  (0.0000000,6.4435158e-05)  (0.0000000,0.00020086302)  
(0.0000000,6.8385449e-05)  (-0.0000000,-0.0088103360)  (-0.0000000,-0.0077032230)  (0.084063798,0.0000000)  (0.0000000,0.0026344520)  (0.0000000,0.0027524239)  (0.0000000,0.00046096896)  (0.0000000,0.00018607551)  (0.0000000,8.3327962e-05)  (0.0000000,-0.00042009316)  (0.0000000,-0.00018480760)  
(-0.0000000,-0.00021701828)  (0.0000000,0.00072179153)  (0.0000000,0.0024244248)  (-0.0000000,-0.0026344520)  (0.085182830,0.0000000)  (0.0000000,0.0033219600)  (0.0000000,0.00036701820)  (0.0000000,-0.00010790338)  (0.0000000,0.00029227871)  (0.0000000,-9.3180799e-05)  (0.0000000,-0.00037600704)  
(0.0000000,0.00019035509)  (-0.0000000,-0.018612095)  (-0.0000000,-0.0034341388)  (-0.0000000,-0.0027524239)  (-0.0000000,-0.0033219600)  (0.087043475,0.0000000)  (0.0000000,0.00016060112)  (0.0000000,-0.00046253014)  (0.0000000,-0.0026191667)  (0.0000000,-0.00015039266)  (0.0000000,0.00097822741)  
(0.0000000,0.00055787979)  (0.0000000,0.0015688383)  (0.0000000,0.0016792224)  (-0.0000000,-0.00046096896)  (-0.0000000,-0.00036701820)  (-0.0000000,-0.00016060112)  (0.089406490,0.0000000)  (0.0000000,9.9650759e-05)  (0.0000000,0.0010412505)  (0.0000000,0.0011572068)  (0.0000000,-0.00017293543)  
(0.0000000,6.1624155e-05)  (0.0000000,0.00014849197)  (-0.0000000,-0.0010185704)  (-0.0000000,-0.00018607551)  (0.0000000,0.00010790338)  (0.0000000,0.00046253014)  (-0.0000000,-9.9650759e-05)  (0.10154570,0.0000000)  (0.0000000,0.0022886390)  (0.0000000,-0.0052474010)  (0.0000000,0.0079908355)  
(-0.0000000,-0.00020745345)  (-0.0000000,-8.7171014e-05)  (-0.0000000,-0.00023256534)  (-0.0000000,-8.3327962e-05)  (-0.0000000,-0.00029227871)  (0.0000000,0.0026191667)  (-0.0000000,-0.0010412505)  (-0.0000000,-0.0022886390)  (0.10588622,0.0000000)  (0.0000000,0.0060131438)  (0.0000000,0.0033093057)  
(0.0000000,0.00025436866)  (-0.0000000,-3.0890005e-05)  (-0.0000000,-6.4435158e-05)  (0.0000000,0.00042009316)  (0.0000000,9.3180799e-05)  (0.0000000,0.00015039266)  (-0.0000000,-0.0011572068)  (0.0000000,0.0052474010)  (-0.0000000,-0.0060131438)  (0.10705027,0.0000000)  (0.0000000,-0.0046235418)  
(-0.0000000,-0.00018265875)  (0.0000000,0.00097246782)  (-0.0000000,-0.00020086302)  (0.0000000,0.00018480760)  (0.0000000,0.00037600704)  (-0.0000000,-0.00097822741)  (0.0000000,0.00017293543)  (-0.0000000,-0.0079908355)  (-0.0000000,-0.0033093057)  (0.0000000,0.0046235418)  (0.10864356,0.0000000)  
