1.0000000   1.4930623e-17  1.8230693e-16  -5.7138153e-17  4.3199918e-17  -1.2062869e-16  -2.2070464e-16  1.5769895e-17  -1.7767347e-16  -2.3795997e-16  -1.6707625e-16  
-2.0142327e-17  1.0000000   1.8928311e-16  2.4616942e-17  2.3200671e-16  2.1419458e-16  1.9095200e-16  -1.1716414e-16  -1.3035925e-16  -8.2579460e-17  6.9762881e-17  
-1.0386137e-17  3.1381246e-16  1.0000000   -2.4149464e-16  -1.6178596e-16  -2.0228141e-17  -6.8647509e-17  4.0386918e-16  7.7779244e-16  -2.1498631e-16  -1.9925730e-16  
-1.6547693e-16  8.3431279e-18  -1.5680290e-16  1.0000000   -1.9973541e-16  3.3523183e-16  -2.9090632e-17  1.3569772e-16  -1.7273649e-17  4.2612770e-16  -6.2114620e-17  
3.4405157e-17  2.8516783e-16  -1.6196307e-16  -2.2086901e-16  1.0000000   5.0528952e-16  5.5640407e-16  -3.0893095e-17  1.1399206e-17  6.3627490e-17  1.9998321e-16  
-6.0097756e-17  2.9776408e-16  -5.8450236e-19  4.2510506e-16  6.2812259e-16  1.0000000   -5.4431820e-16  -2.5035324e-16  -1.4247878e-16  1.5879551e-16  7.2758648e-17  
-5.6712513e-17  1.6756162e-16  -3.3898353e-17  -3.4972230e-17  6.9044427e-16  -4.4791826e-16  1.0000000   8.4275249e-17  -2.7503126e-16  3.7385122e-16  1.2668564e-16  
1.9540980e-17  -1.2594834e-16  3.4852604e-16  9.7305451e-17  2.2323123e-17  -2.8915251e-16  6.1925709e-17  1.0000000   -3.0671134e-16  3.9132155e-16  1.7690622e-16  
-2.7023142e-16  -1.2281967e-16  7.3380051e-16  1.3779889e-17  -4.8278007e-17  -7.2416056e-17  -2.6277917e-16  -3.3820322e-16  1.0000000   4.0686329e-16  1.0132970e-16  
-6.3377154e-17  -8.6132316e-17  -1.9209255e-16  4.1124507e-16  1.1483399e-16  1.0183908e-16  3.6271981e-16  3.7232187e-16  3.8306469e-16  1.0000000   5.6001075e-16  
-1.7612537e-16  7.4160364e-17  -2.3530787e-16  1.3292403e-16  1.7530617e-16  -3.7780211e-17  4.9660059e-17  3.0171314e-16  6.1740655e-17  7.0070292e-16  1.0000000   
