1.0000000   2.6940362e-17  -2.5964025e-16  3.2530981e-16  -1.5097212e-16  4.0463368e-17  -5.8538158e-17  1.2713788e-16  4.0714590e-16  -4.0705991e-17  -3.0702183e-16  
-2.0692892e-17  1.0000000   -2.0009230e-17  1.1535369e-16  8.5765666e-17  1.5414329e-16  9.0960766e-17  4.5684444e-16  1.2691947e-16  -2.4076618e-16  4.5462575e-16  
-2.1323855e-16  -1.9930082e-18  1.0000000   6.7467268e-16  -2.6211843e-16  -2.5722285e-16  -3.6744533e-16  1.9013965e-17  -1.1944721e-15  -2.2668084e-16  1.1253348e-16  
2.8848008e-16  2.3491692e-16  7.3029403e-16  1.0000000   3.1210655e-16  -1.4734628e-16  1.6844349e-17  6.7663344e-16  -9.6182646e-17  5.6256272e-16  2.7975042e-16  
1.3718715e-16  9.7752166e-17  -2.6179731e-16  3.0503512e-16  1.0000000   -3.4451552e-16  -3.3767690e-16  4.7944292e-17  1.4703703e-16  1.9685768e-16  5.5751669e-17  
-3.5048448e-17  1.5240900e-16  -2.5739101e-16  -1.4686252e-16  -3.7831636e-16  1.0000000   -7.2220939e-16  -1.2021790e-16  -8.8403984e-17  -8.4727035e-17  4.4678401e-17  
-4.9629777e-17  9.3225251e-17  -3.4626730e-16  -2.9044888e-18  -3.3289641e-16  -7.9280272e-16  1.0000000   1.9472040e-16  -4.0485528e-16  -3.8808854e-17  -1.7327213e-16  
1.1771684e-16  4.5356936e-16  2.7426797e-17  7.4573319e-16  4.8160967e-17  -1.2423807e-16  2.0342505e-16  1.0000000   3.0219565e-16  -6.3926746e-16  -8.0960595e-16  
3.0483813e-16  1.2613697e-16  -1.2315238e-15  -1.0505041e-16  1.3169946e-16  -7.9191222e-17  -4.1798549e-16  2.6683874e-16  1.0000000   4.6977268e-16  8.0336882e-16  
1.3242761e-16  -2.4077048e-16  -2.0075387e-16  6.3888272e-16  9.6596376e-17  -9.5239589e-17  -4.4809548e-17  -6.2290702e-16  4.7790686e-16  1.0000000   -3.8508320e-16  
-2.4219814e-16  4.5419648e-16  1.0535301e-16  2.6680013e-16  5.4141361e-17  1.5408542e-16  -1.8394310e-16  -8.3060728e-16  7.3209566e-16  -2.5372194e-16  1.0000000   
