1.0000000   3.2241913e-16  1.3062175e-17  1.6968117e-16  6.8789229e-17  3.5456808e-16  5.0536364e-16  -2.4241578e-16  -2.1614112e-17  1.1971221e-16  -4.9938054e-17  
3.0754167e-16  1.0000000   5.4675889e-16  2.5424782e-16  -2.9681868e-16  1.1635474e-16  4.8165346e-16  -6.2478503e-17  1.6575472e-16  6.3768721e-17  -2.8043058e-16  
8.7157771e-17  4.6960798e-16  1.0000000   -4.2113933e-16  6.4650828e-17  -3.4411552e-16  9.9697859e-17  -3.7936593e-16  2.1214083e-16  -2.4725353e-16  1.2924457e-15  
1.1473294e-16  2.2540908e-16  -4.8268902e-16  1.0000000   -2.8832631e-16  7.5636599e-17  -3.5442533e-16  -4.8314777e-16  9.2713184e-16  7.5079466e-16  -7.8124410e-17  
4.9063686e-17  -2.6704969e-17  1.2423714e-16  -3.6559127e-16  1.0000000   -7.2352289e-16  5.1050858e-16  1.3911224e-16  2.8003453e-16  3.4301792e-16  6.4110039e-16  
3.9866944e-16  4.9923186e-17  -6.8909275e-16  -4.8654100e-17  -7.1361670e-16  1.0000000   -4.3795846e-16  -7.5011149e-16  -8.0196884e-16  -9.4971936e-16  -2.4445201e-16  
2.8110043e-16  6.0258376e-16  1.4262419e-16  -8.4101822e-17  4.9360551e-16  -4.5154403e-16  1.0000000   1.2080396e-16  1.3700732e-16  -8.3858247e-17  -3.1238575e-18  
-4.4698172e-17  -8.3356493e-17  -3.5503872e-16  -4.7695532e-16  2.3106217e-16  -6.1457304e-16  -5.2723725e-17  1.0000000   3.5971267e-17  1.8506922e-16  -1.1209990e-15  
2.6375455e-16  1.9079034e-16  2.9066823e-16  8.3149190e-16  2.9023788e-16  -7.2794433e-16  1.6605602e-16  1.8549936e-16  1.0000000   -1.1352399e-16  5.8880971e-16  
4.9256456e-17  1.9354901e-16  -1.3002825e-16  6.3671693e-16  2.2273405e-16  -7.8558292e-16  2.9102520e-17  2.0564617e-16  -3.2343428e-16  1.0000000   4.7658859e-16  
-7.5232465e-17  -2.7345477e-16  1.2288478e-15  -6.6628300e-17  5.5591778e-16  -1.5534415e-16  1.3317645e-16  -1.0332226e-15  5.0713366e-16  5.4272810e-16  1.0000000   
