1.0000000   -7.4967488e-17  1.5259804e-17  -9.3945795e-17  -5.8818043e-17  -1.4679092e-16  5.5985203e-17  -1.1192684e-16  2.4622613e-17  -5.3972974e-17  -3.4653666e-16  
4.9899040e-17  1.0000000   2.2786310e-16  1.2256081e-16  -1.3976387e-16  -4.7107965e-17  8.9119241e-17  2.0414324e-16  -1.3139661e-16  1.4892233e-16  4.4842364e-17  
6.1953513e-17  -4.1738968e-18  1.0000000   -5.9842034e-17  -5.3473030e-16  4.1591057e-16  1.4472077e-16  -5.1527009e-17  1.7695831e-16  5.8892389e-16  -6.3284944e-16  
-8.2402208e-17  1.0532585e-16  -6.9684503e-17  1.0000000   -1.2233243e-15  9.7131758e-18  7.0978870e-16  3.6935605e-17  -7.7692105e-16  6.8833797e-17  -4.2027533e-16  
-2.2702839e-16  -1.3318941e-16  -5.6469852e-16  -9.0783689e-16  1.0000000   2.3394398e-16  1.1042541e-15  -3.1005190e-16  -6.0134859e-16  1.3267646e-18  2.1928137e-16  
-1.2012633e-16  -5.8952207e-17  6.2749281e-16  -1.5956787e-16  3.4201707e-16  1.0000000   3.8723779e-16  -8.1649767e-17  -9.5239624e-16  1.0668533e-15  -8.5657880e-16  
6.6026145e-17  8.6204009e-17  1.8852859e-16  5.2829473e-16  8.5150986e-16  5.7338795e-16  1.0000000   3.8190073e-16  4.8486206e-16  -4.5813299e-16  -4.7711991e-16  
-4.5753212e-17  2.5380988e-16  -1.8663342e-16  3.8894944e-17  -3.3707010e-16  -8.4740484e-17  3.9186460e-16  1.0000000   -5.8091520e-16  4.3447719e-16  -1.8368976e-16  
1.2358860e-16  -1.4533876e-16  1.5037342e-16  -6.9145316e-16  -6.3529088e-16  -9.3975532e-16  4.6404766e-16  -5.2068138e-16  1.0000000   1.1643438e-15  3.3654313e-17  
-1.9050832e-16  1.5844824e-16  6.1960295e-16  2.3120502e-16  5.2634201e-17  9.1912797e-16  -4.7501955e-16  4.9353378e-16  1.1728920e-15  1.0000000   3.0478787e-16  
-2.0975526e-16  4.7645776e-17  -6.4293101e-16  -4.5931198e-16  2.0822336e-16  -8.7988893e-16  -3.0842035e-16  -2.2495070e-16  -1.0718355e-17  6.6481922e-17  1.0000000   
