1.0000000   -4.8680003e-16  8.5076050e-17  2.0197975e-16  2.9341163e-16  -6.0033572e-17  3.1184384e-16  -2.1014681e-16  3.5986452e-17  1.0175469e-16  -1.2255756e-16  
-5.2554887e-16  1.0000000   -4.0430709e-16  2.0641272e-16  4.2629662e-16  -8.7198642e-16  -2.1261472e-16  4.6348558e-18  1.9370949e-17  -4.6495287e-16  -2.7562293e-16  
3.1145253e-18  -1.9686860e-16  1.0000000   -9.5269181e-17  -9.2866198e-16  -2.3415908e-16  5.0427365e-17  -2.7641787e-16  1.3586537e-16  6.2999194e-17  3.1801593e-16  
2.0601355e-16  2.3126243e-16  -1.1021023e-16  1.0000000   5.9213023e-16  -6.9934144e-17  1.9021611e-16  3.7520747e-16  -1.9885821e-17  -8.1639763e-16  5.2596475e-16  
1.6470090e-16  6.3708774e-16  -1.0275641e-15  5.4603891e-16  1.0000000   -6.9908901e-16  -5.4836729e-17  -5.8022636e-16  -2.7318093e-16  -3.0228996e-16  -3.7631959e-16  
-9.3507876e-17  -8.2744228e-16  -2.2179717e-16  -1.5553332e-16  -6.6462273e-16  1.0000000   -3.3794563e-16  -8.9420821e-17  2.9960057e-16  1.0702850e-15  6.4746669e-16  
1.9168615e-16  -2.1154566e-16  -3.9746501e-18  3.3615094e-16  -4.5894101e-17  -3.1999366e-16  1.0000000   1.6098822e-16  4.4318289e-16  3.1884788e-16  -4.8133494e-17  
-1.2986790e-16  3.7966929e-17  -2.4194007e-16  4.1271097e-16  -6.2406989e-16  -1.9126211e-16  3.1212394e-16  1.0000000   4.8030314e-16  5.6062940e-16  1.5881889e-16  
-8.9673257e-17  3.3974370e-17  9.1259836e-17  3.6403347e-17  -2.3943344e-16  3.2742993e-16  4.3861793e-16  5.0998495e-16  1.0000000   -4.4558674e-16  -4.0320801e-16  
1.4129189e-16  -5.9677936e-16  6.5474973e-17  -6.9235490e-16  -2.7512478e-16  8.9103013e-16  1.1461748e-16  5.8000929e-16  -4.3392917e-16  1.0000000   6.1791054e-16  
-6.1173431e-17  -2.9961997e-16  3.2196921e-16  5.1955574e-16  -3.3900651e-16  8.3829358e-16  -1.2767116e-17  1.9033720e-16  -3.5405977e-16  4.4631182e-16  1.0000000   
