1.0000000   1.7426729e-16  8.3962558e-17  -1.2583276e-16  -4.7498337e-16  -2.3966285e-16  2.8273506e-16  2.8749671e-17  -4.6474256e-16  -1.2778001e-16  1.6133888e-16  
1.6079978e-16  1.0000000   2.7207925e-17  -1.9685269e-17  8.2178554e-16  1.2889890e-16  1.3141189e-16  4.9252437e-16  -1.8384380e-16  3.3306495e-17  2.3329787e-17  
-8.0446620e-17  1.0430615e-16  1.0000000   6.3309849e-16  -6.8996632e-17  -5.4400460e-16  -1.9432113e-16  -2.8000332e-16  7.0882507e-17  -5.7288141e-17  -1.8502280e-16  
-2.7505634e-17  5.1690238e-17  6.6066401e-16  1.0000000   -3.0714590e-16  2.0510828e-16  -1.1739103e-17  -3.7838666e-16  -2.1508158e-16  -3.7920257e-16  -3.8633427e-16  
-3.8046921e-16  9.0607928e-16  -6.2365816e-17  -3.2993072e-16  1.0000000   7.3153421e-16  -7.7175469e-16  2.6836848e-16  -1.9346419e-16  7.5947009e-16  1.3538423e-16  
-2.2153057e-16  1.0816532e-16  -5.4174755e-16  1.9717440e-16  6.8317552e-16  1.0000000   1.0179539e-15  -2.0558091e-16  -5.1423510e-16  1.0089882e-17  5.3894063e-16  
2.2952677e-16  1.7494033e-16  -2.0681794e-16  -1.1346371e-17  -7.4867056e-16  1.0294437e-15  1.0000000   -4.1332249e-16  7.6901878e-17  2.5731599e-17  -1.0455455e-16  
-1.2402366e-17  4.7424921e-16  -2.8062797e-16  -4.3149288e-16  2.5779855e-16  -1.4292770e-16  -3.6500441e-16  1.0000000   2.9173194e-16  1.3757414e-16  -5.8258248e-16  
-4.6541163e-16  -1.7534335e-16  5.4011301e-17  -1.7309725e-16  -7.5233006e-17  -5.2059907e-16  9.1998452e-17  2.9717609e-16  1.0000000   1.4568601e-16  -5.8179065e-16  
-2.0204459e-16  -5.7464190e-17  -5.1812206e-17  -2.9733956e-16  6.5010009e-16  -4.9201287e-17  -2.8472573e-17  1.8348883e-16  1.2589313e-16  1.0000000   6.3366535e-17  
-1.5314897e-16  2.3399285e-18  -1.6700976e-16  -3.6575391e-16  1.3036740e-16  4.8045842e-16  -1.5496407e-16  -5.5841155e-16  -5.6571535e-16  -1.1888954e-17  1.0000000   
