1.0000000   -8.6649694e-17  -7.3488104e-17  2.2356395e-17  4.0202693e-17  4.8811205e-17  -7.0829449e-17  8.6726000e-17  -6.6802273e-17  6.3716415e-17  3.1418398e-17  
8.7728535e-17  1.0000000   2.5989611e-16  2.2426679e-16  -1.8774478e-16  -3.1540153e-16  -3.8574458e-16  -1.2480134e-15  -9.7626445e-17  -1.1111492e-16  3.5332252e-16  
7.1955690e-17  1.4420296e-16  1.0000000   1.2656205e-15  9.3148370e-16  -1.2182273e-15  1.1746791e-16  -1.1210010e-16  5.5061155e-16  5.2748974e-16  7.9862703e-16  
-2.2370455e-17  3.2613540e-16  1.0772490e-15  1.0000000   -2.3048901e-16  1.0487370e-15  6.7918948e-16  2.1516489e-16  -1.3040391e-17  -7.1383837e-16  -9.1485699e-16  
-3.8413738e-17  -2.0056567e-16  8.7470575e-16  -3.4290046e-16  1.0000000   -7.1613242e-16  3.7865996e-16  -7.5963931e-16  -6.9578805e-16  -6.9919788e-16  3.1111520e-16  
-4.8130983e-17  -3.8984302e-16  -1.0485811e-15  1.1742484e-15  -8.3937181e-16  1.0000000   -5.2860245e-16  3.5031403e-16  1.0340506e-16  -6.6676091e-16  6.2024580e-16  
7.0657995e-17  -3.2966176e-16  1.6125639e-16  6.6308158e-16  3.8810986e-16  -3.7717461e-16  1.0000000   -4.2130626e-16  -1.0948966e-15  8.9236484e-16  2.6402356e-16  
-8.7885163e-17  -1.0950716e-15  -4.2334673e-17  1.2237242e-16  -7.6257615e-16  4.3948021e-16  -4.4288175e-16  1.0000000   2.6469088e-16  4.1996936e-16  4.9284285e-16  
6.7288141e-17  -2.0269362e-16  7.6077644e-16  -7.4948427e-17  -5.6702763e-16  1.2934870e-16  -1.1983359e-15  1.3066647e-16  1.0000000   -3.1416441e-16  -7.7185457e-16  
-6.5226248e-17  -1.1935169e-16  4.7872411e-16  -7.3720567e-16  -6.6608931e-16  -6.6239243e-16  8.3000071e-16  3.8613965e-16  -2.4666912e-16  1.0000000   7.7087637e-16  
-3.1399114e-17  2.8452504e-16  8.0100115e-16  -1.0422772e-15  2.1243163e-16  6.6183173e-16  1.5894573e-16  3.8679621e-16  -7.6951448e-16  8.6428388e-16  1.0000000   
