1.0000000   6.5328647e-17  -9.8546764e-17  2.4927236e-16  -1.7383471e-16  1.1267083e-16  1.9931397e-16  -3.5739472e-16  1.9684469e-16  7.5091420e-17  -2.1482585e-16  
-8.7406497e-17  1.0000000   -2.0428602e-16  2.4873924e-16  2.2052083e-16  2.4164163e-16  2.1162415e-16  1.2112592e-16  -1.1988539e-15  -4.1233117e-16  -3.7117460e-16  
-9.8453255e-17  -1.3020241e-16  1.0000000   2.8044525e-16  -3.9539719e-16  -3.6275788e-16  -7.9419885e-17  -1.9321915e-16  -1.5539169e-15  -8.0885744e-17  -1.4784958e-15  
1.8324385e-16  2.9092856e-16  6.8185827e-17  1.0000000   3.5946042e-16  -8.1408314e-16  -1.3982391e-17  9.9976596e-17  -4.2275140e-16  8.7792940e-16  -1.0589258e-16  
-6.5374048e-17  1.8314466e-16  -4.2196418e-16  2.5070961e-16  1.0000000   1.0144562e-16  -7.8135237e-16  2.9283878e-16  -1.1731911e-15  8.3597116e-16  8.0295637e-16  
3.3246105e-18  3.5335416e-16  -2.4382841e-16  -8.0241187e-16  1.1804593e-16  1.0000000   -2.2125036e-16  9.3579423e-16  -9.7029320e-16  -9.3713263e-16  -6.2950827e-17  
1.0168045e-16  3.0089738e-16  -3.9848004e-17  -7.1023486e-17  -8.0278986e-16  -2.7354903e-16  1.0000000   4.0048620e-16  4.3497238e-16  6.0616401e-16  -2.1812792e-17  
-2.6276496e-16  1.4101780e-16  -2.3584017e-16  3.0522975e-17  3.0688563e-16  1.0010062e-15  4.7341680e-16  1.0000000   -3.0733732e-16  5.3266815e-16  2.3531083e-16  
3.6903229e-16  -1.2419679e-15  -1.5784584e-15  -4.1462704e-16  -1.2280622e-15  -8.9537519e-16  5.1825081e-16  -3.5360181e-16  1.0000000   -5.8696928e-16  1.1084341e-15  
-2.5618492e-16  -4.2310636e-16  -1.8861215e-16  8.2770607e-16  8.4556175e-16  -9.1384824e-16  6.2655598e-16  5.0743673e-16  -6.5451538e-16  1.0000000   5.8607988e-16  
1.2894137e-16  -2.8522897e-16  -1.4625345e-15  -1.1076236e-16  7.5355333e-16  -7.1430288e-18  -1.3115797e-16  4.0439894e-16  9.7630712e-16  6.8419743e-16  1.0000000   
