0.98825464  0.0040452373  0.00076372806  0.0072462520  -0.0085616533  -0.0025507213  -0.0056551667  0.0075443343  -0.00046568235  -0.0050382563  0.0077754968  
-0.0070755416  0.93424717  0.16571264  0.10955054  -0.23611271  0.011533512  -0.040273363  -0.017102547  0.0076915288  0.029983118  0.0023121173  
0.00016434048  0.17494877  -0.93193949  0.21550395  0.11898584  -0.010152851  0.017532456  -0.017054114  -0.00095714707  0.0066358820  -0.013217350  
-0.0017728516  -0.13343433  0.17713737  0.91925940  0.044015940  -0.077607699  0.079715392  0.052178872  -0.033203575  0.0015944751  0.044750583  
0.0049126882  0.20721454  0.17271885  0.011433146  0.90961452  -0.034236865  -0.14334315  -0.0047284018  -0.053090111  -0.034087802  -0.0095777465  
0.0028698225  0.024285241  0.0089521616  -0.082668823  -0.0054052346  -0.94230652  0.17166074  -0.15949366  0.070590992  0.010669549  -0.088431215  
0.0085443304  0.063541765  0.059060730  -0.018298450  0.076372013  0.20461135  0.90655213  -0.090249578  0.10385884  -0.097848553  -0.056310050  
0.011630856  -0.013997938  -0.019590940  -0.033888037  0.087239214  0.14414564  -0.068666248  -0.87423635  0.10639649  -0.046053785  0.027949079  
-0.0043527129  -0.0082704824  0.0031293485  0.049358139  0.022437579  0.0049324738  -0.10199484  0.10756941  0.95921073  -0.032581542  0.11080721  
-0.0032983910  0.025999988  -0.0074942531  -0.017301129  -0.049693504  -0.033074635  -0.097790833  0.064834959  -0.048763808  -0.89784192  0.13743607  
-0.0070275640  0.0049144554  0.0021937704  -0.014575930  -0.0096767239  -0.057242706  0.060719277  -0.085702982  -0.084803383  0.14697223  0.93904101  
