0.97577874  0.024303258  0.022195003  0.0068829604  0.0068667335  -0.00024176866  -0.014297573  0.011949429  0.0067514782  -0.0095888027  0.010489371  
0.019639460  -0.93768720  0.085565395  -0.047272899  0.19908286  0.11225174  -0.092994531  0.015620409  -0.017654969  -0.030199649  -0.0090663631  
-0.016816325  0.030133363  0.91490131  -0.12717082  -0.21800252  0.076481553  0.20116002  -0.018994337  0.0024648074  0.013672089  0.0069335797  
0.0083669530  -0.00026272923  -0.14933837  -0.91091822  -0.25188810  0.031024604  -0.17762188  -0.032857782  0.013874118  -0.0082176049  0.0058867223  
-0.011268301  0.054945588  0.18077007  -0.18741198  0.54120128  -0.75878232  -0.081301484  0.0039481753  0.0016890537  0.0032286824  -0.0025391657  
-0.0072545240  0.23555783  0.083838709  -0.18962259  0.67913790  0.54111027  -7.6734787e-05  -0.086971766  -0.014680222  0.050517343  -0.0020471273  
0.028416347  -0.10109216  -0.20516372  -0.16719566  0.039219894  -0.087102607  0.84262671  -0.051831863  -0.072187713  0.084983271  0.034043510  
-0.0098616515  -0.035448377  -0.022188770  0.024374672  0.055898683  0.060404794  0.079461715  -0.49853477  0.30333485  0.26465818  0.15712795  
-0.0085200696  0.00058795135  -0.0077719123  -0.035249542  0.030589539  0.047277489  0.019671657  0.59608797  -0.029420164  0.38710051  0.20420548  
-0.0058562683  -0.015697397  0.0031285034  0.019394982  -0.036899381  -0.047087037  -0.056559868  0.0025708610  0.50903411  0.055934426  0.65996682  
-0.016839525  0.019879097  -0.0076755896  -0.00071654262  0.019982722  0.023471113  0.055099714  -0.069080747  -0.42806352  -0.61642119  0.45312036  
