0.96853892  0.024336189  -0.022882100  -0.0055352149  -0.014763008  -0.0060074333  0.013442805  -0.0072584920  0.0070728593  0.013037278  -0.015095361  
0.0013257482  -0.012608778  0.46431726  -0.17785266  0.010841493  -0.76781210  0.23173670  0.016123108  -0.0015830539  -0.031242291  0.10609116  
-0.015067119  0.018645915  -0.68974442  -0.39764994  0.26158674  -0.38266740  -0.26544220  0.0017736541  -0.010423396  0.0040351308  -0.021149388  
-0.011189241  0.55057528  0.23924324  -0.69612422  -0.12548841  0.26230857  -0.066538006  -0.040176141  -0.014345986  0.010408461  0.023028494  
0.0031798015  -0.048835360  0.061138226  0.092324899  -0.67294558  -0.17410467  -0.64458965  0.0060837178  -0.017962450  -0.0061687862  0.0086175423  
-0.021745763  0.77101343  -0.098736952  0.48987565  0.10055096  -0.21225145  -0.070304478  -0.056652201  0.070804922  0.054310238  -0.020797715  
-0.032682022  0.10202705  -0.40427828  -0.028425649  -0.61424503  -0.057026172  0.60958581  0.019939393  -0.048019493  -0.022472723  0.0024962251  
-0.012353503  0.0038459706  0.085987828  -0.024791643  -0.0028376035  -0.094893634  0.028178398  0.086423405  -0.13397733  0.17888945  -0.90161870  
0.024224860  0.0056241403  0.0088048257  -0.0074565311  0.0062028018  -0.14574462  0.038069837  0.055244573  0.33149523  -0.083725566  0.12053114  
-0.0079936156  -0.028688343  0.0093625518  -0.024324334  -0.013872862  0.041875955  0.073203741  -0.25495933  0.41343390  0.58434562  -0.045603128  
6.6431640e-06  0.025688695  -0.0045422765  0.0077488248  -0.022470266  0.060080946  -0.011801868  -0.24094606  0.39414054  -0.42787198  -0.18918551  
