0.98921730  0.014464978  0.0048487928  0.0047308208  0.0036862520  0.0068058243  -0.010422318  0.011221371  -0.00066376282  0.0069531966  0.0098505427  
-0.016511364  0.92137249  0.16118415  -0.23198854  0.17606290  0.053164722  -0.076879472  -0.029558813  -0.026773435  -0.011901744  -0.0044331583  
0.0066947077  0.16705479  -0.91371395  -0.20272609  -0.21909024  -0.023425256  0.065144998  0.013006191  -0.0065536438  -0.027073138  -0.039005205  
0.0046103424  -0.26342251  0.10315924  -0.87837347  0.14212717  -0.047905458  0.14681534  -0.014428796  0.090681481  0.039345785  -0.0085150971  
-0.0019813285  -0.080848310  -0.25528492  0.15680650  0.87475003  0.22228341  0.22575852  0.010063682  -0.017437310  0.010707507  -0.054140004  
-0.0072761253  -0.069737462  -0.00019442037  -0.094511068  -0.16827078  0.93411686  -0.23989286  -0.019832366  0.035693647  0.0049880703  0.012046293  
0.0061627403  0.10580709  0.14041919  0.077770951  -0.15948962  0.21186024  0.75842833  0.011165406  -0.034064860  -0.029920434  0.14145458  
0.0082381850  -0.023746144  -0.041883799  0.079159723  0.016438806  -0.017372892  -0.070463500  -0.90755672  -0.041324392  -0.19099755  -0.082225938  
-0.0055086111  -0.038076980  -0.028712837  -0.012352807  -0.033301870  0.019923595  -0.0032317261  0.15623879  -0.88786571  -0.18946939  0.055556579  
-0.0073536300  0.011761182  -0.034246290  0.018579753  -0.014806145  -0.0076261065  -0.015529959  -0.17471068  -0.20904969  0.91892188  0.14443813  
0.0072408646  0.00084665156  0.027587508  -0.043976025  -0.11805111  -0.0064267767  0.24242783  -0.13183810  -0.0068258122  -0.11191344  0.13222599  
