0.98963884  0.0081273232  -0.0020296630  0.0012107918  -0.0065626337  -0.0030967844  -0.0086594755  -0.010884355  0.0037067050  0.0032048039  0.0050713282  
-0.012248155  0.88157208  -0.20388825  0.20938504  -0.30172589  -0.062122437  -0.071274941  0.038612574  0.013845434  -0.0081738960  -0.0042596042  
-0.0022098733  -0.21737156  -0.88733664  -0.29129162  -0.21111415  -0.0046226991  -0.036549574  0.017222994  -0.010348443  0.0079271797  -0.014422956  
-0.0039026157  0.27705919  0.21837079  -0.89232060  0.10100696  -0.055922438  -0.048603311  -0.00048226450  0.088778833  -0.034047357  -0.075142776  
-0.0024133401  -0.21761285  0.28651335  -0.058908021  -0.84104340  -0.11894828  0.23193946  0.030161222  0.00088960062  0.020937642  -0.13819586  
-0.0064945665  -0.083217553  0.0093020243  0.068439190  0.071368683  -0.91715931  -0.31621586  -0.051912679  -0.043601298  0.013161733  0.050568701  
0.0092247293  0.094520576  -0.083867051  -0.091267068  0.073949983  -0.31554824  0.75471525  -0.050605025  0.043473022  -0.037085904  0.16644968  
-0.012038210  0.017804721  -0.032001589  0.043687801  -0.017066074  0.036837521  0.063485116  -0.88611500  0.32850828  0.033473433  0.086727122  
0.0014840849  0.049646680  0.014981861  -0.077178021  -0.0087286282  0.034157990  0.029843002  -0.35009802  -0.90656463  0.027144457  -0.080824745  
-0.0068966313  0.031277840  0.0070925929  0.021320946  0.084123088  0.0022010752  0.10503227  0.021225474  -0.0062328186  0.89507313  -0.039540867  
-0.010252295  0.010806628  0.0079152525  0.092169789  0.12719030  0.016910065  0.27480547  0.093941872  -0.13558862  -0.30023086  0.40776739  
