0.98709619  0.019295887  -0.0098428089  -0.0054414590  0.0023355455  0.0076034212  -0.0069652485  -0.0072258175  0.0050634340  0.0071133901  -0.0099648343  
-0.020726480  0.97968889  -0.074035331  0.060267698  0.032539919  0.028891134  -0.048093277  -0.0032752816  0.0015709980  0.010654250  0.0054367031  
-0.0099372764  0.020726670  -0.60133654  -0.70967929  -0.087004561  -0.15766644  0.20253394  -0.021308996  -0.032301116  -0.00016557712  -0.064292812  
-0.012936859  -0.11162412  -0.62869546  0.23676659  0.18562021  0.41456101  -0.45299040  0.033594799  0.016395118  0.019719876  0.031011071  
0.0050724734  -0.028159184  -0.28009727  0.36770815  -0.044190851  -0.84957416  -0.14626405  -0.037372499  -0.0015686540  0.0058141904  0.0060784942  
-0.00078796883  -0.0095604810  0.050832303  -0.069897890  0.93284429  -0.12572451  0.24066041  -0.050709377  0.0071531635  0.0012297953  -0.017196993  
-0.0086873002  0.013596085  0.30628653  -0.43764469  0.12877105  -0.16415237  -0.75978417  -0.052294756  -0.10083565  -0.015756899  -0.020458106  
-0.0045976014  -0.0026405265  -0.00090075830  0.0063003284  -0.073075523  0.051099860  0.036430386  -0.93404894  -0.0038721388  -0.20240308  0.11236388  
0.011216827  0.0076665845  0.0085689916  -0.023051042  -0.015655831  -0.0088028029  0.063801263  0.23238620  -0.43584797  -0.74113785  0.26572212  
0.0018789098  -0.0040434295  0.033684786  -0.027374715  -0.046138843  -0.0037117291  0.091544738  -0.028903607  -0.61941154  0.59061291  0.33706590  
-0.0033044389  0.0011559445  -0.011009575  0.083181533  -0.025072246  0.024239180  0.0014012114  -0.053680753  -0.49038376  -0.021700447  -0.73794495  
