0.96471729  -0.00085017253  0.015392388  0.010660026  -0.0037660497  0.020416102  0.032053300  0.012668495  -0.024821321  0.0064477393  0.00025123531  
-0.00033804344  0.94395204  -0.11117756  0.14574051  0.00071717529  0.016673515  -0.00033457444  -0.044885819  -0.067301707  -0.018292044  -0.021006306  
0.017995558  -0.11013254  -0.95080376  -0.010816916  0.11322890  -0.045562894  0.0014242003  -0.030342912  0.010396711  -0.0064746760  0.0032847994  
-0.018036592  -0.14697844  -0.00054025402  0.93034913  0.0022479892  0.15294506  0.13935136  -0.012384130  0.0056695250  -0.035629541  0.010529893  
-0.0066602099  0.020258430  0.055485055  -0.10773855  0.70527321  0.63022819  0.030359104  -0.034120909  0.12709890  0.019213031  -0.026569355  
0.012608559  -0.0025361395  0.10687901  0.12150330  0.64772589  -0.67979359  -0.058440216  0.033803719  -0.10400480  -0.020492757  -0.010256144  
-0.033676561  0.013222072  0.0024004641  -0.12996367  0.019082742  -0.060173981  0.94409719  0.035654335  -0.099237292  -0.032615150  -0.0016778780  
-0.00082266007  0.068323448  -0.029141877  0.022752478  0.00081638647  -0.037861095  0.025300648  0.84850724  0.35092654  0.054946305  0.12664032  
-0.025846623  -0.044164056  -0.022843232  -0.00095090426  -0.0014023980  0.17009636  -0.10948732  0.40115027  -0.45066240  0.0037311608  -0.26021783  
0.012638924  -0.0017815965  0.0053528427  -0.039669065  -0.0028004371  -0.013969862  -0.018885483  0.031171710  0.19040718  -0.85401836  -0.18434629  
0.012685665  -0.0017171288  0.00041017029  0.025029434  -0.033108942  -0.064557172  0.024764314  -0.0074629726  0.17971707  0.057039579  -0.72979455  
