Dynamical matrix file
phonons of Si                                                              
  1    2   2  10.2000000   0.0000000   0.0000000   0.0000000   0.0000000   0.0000000
           1  'Si  '    25598.823011949724     
    1    1      0.0000000000      0.0000000000      0.0000000000
    2    1      0.2500000000      0.2500000000      0.2500000000

     Dynamical  Matrix in cartesian axes

     q = (    0.750000000  -0.250000000   0.750000000 ) 

    1    1
  0.26829310  -0.00000000    -0.00687491   0.00814193     0.00640403  -0.00000000
 -0.00687491  -0.00814193     0.32171788  -0.00000000    -0.00687491  -0.00814193
  0.00640403  -0.00000000    -0.00687491   0.00814193     0.26829310  -0.00000000
    1    2
 -0.06527417   0.06654114    -0.04758673   0.05024251    -0.04811874  -0.15623612
 -0.04758673   0.05024251    -0.06328767   0.08516189    -0.04758673   0.05024251
 -0.04811874  -0.15623612    -0.04758673   0.05024251    -0.06527417   0.06654114
    2    1
 -0.06527417  -0.06654114    -0.04758673  -0.05024251    -0.04811874   0.15623612
 -0.04758673  -0.05024251    -0.06328767  -0.08516189    -0.04758673  -0.05024251
 -0.04811874   0.15623612    -0.04758673  -0.05024251    -0.06527417  -0.06654114
    2    2
  0.26829310   0.00000000    -0.00687491  -0.00814193     0.00640403   0.00000000
 -0.00687491   0.00814193     0.32171788   0.00000000    -0.00687491   0.00814193
  0.00640403   0.00000000    -0.00687491  -0.00814193     0.26829310   0.00000000

     Dynamical  Matrix in cartesian axes

     q = (    0.750000000  -0.250000000  -0.750000000 ) 

    1    1
  0.26829310   0.00000000    -0.00687491  -0.00814193    -0.00640403   0.00000000
 -0.00687491   0.00814193     0.32171788   0.00000000     0.00687491  -0.00814193
 -0.00640403   0.00000000     0.00687491   0.00814193     0.26829310   0.00000000
    1    2
 -0.06654114   0.06527417    -0.05024251   0.04758673    -0.15623612  -0.04811874
 -0.05024251   0.04758673    -0.08516189   0.06328767     0.05024251  -0.04758673
 -0.15623612  -0.04811874     0.05024251  -0.04758673    -0.06654114   0.06527417
    2    1
 -0.06654114  -0.06527417    -0.05024251  -0.04758673    -0.15623612   0.04811874
 -0.05024251  -0.04758673    -0.08516189  -0.06328767     0.05024251   0.04758673
 -0.15623612   0.04811874     0.05024251   0.04758673    -0.06654114  -0.06527417
    2    2
  0.26829310   0.00000000    -0.00687491   0.00814193    -0.00640403   0.00000000
 -0.00687491  -0.00814193     0.32171788  -0.00000000     0.00687491   0.00814193
 -0.00640403   0.00000000     0.00687491  -0.00814193     0.26829310   0.00000000

     Dynamical  Matrix in cartesian axes

     q = (   -0.750000000  -0.250000000  -0.750000000 ) 

    1    1
  0.26829310   0.00000000     0.00687491  -0.00814193     0.00640403   0.00000000
  0.00687491   0.00814193     0.32171788   0.00000000     0.00687491   0.00814193
  0.00640403   0.00000000     0.00687491  -0.00814193     0.26829310   0.00000000
    1    2
  0.06654114   0.06527417    -0.05024251  -0.04758673    -0.15623612   0.04811874
 -0.05024251  -0.04758673     0.08516189   0.06328767    -0.05024251  -0.04758673
 -0.15623612   0.04811874    -0.05024251  -0.04758673     0.06654114   0.06527417
    2    1
  0.06654114  -0.06527417    -0.05024251   0.04758673    -0.15623612  -0.04811874
 -0.05024251   0.04758673     0.08516189  -0.06328767    -0.05024251   0.04758673
 -0.15623612  -0.04811874    -0.05024251   0.04758673     0.06654114  -0.06527417
    2    2
  0.26829310  -0.00000000     0.00687491   0.00814193     0.00640403  -0.00000000
  0.00687491  -0.00814193     0.32171788  -0.00000000     0.00687491  -0.00814193
  0.00640403  -0.00000000     0.00687491   0.00814193     0.26829310  -0.00000000

     Dynamical  Matrix in cartesian axes

     q = (   -0.750000000  -0.250000000   0.750000000 ) 

    1    1
  0.26829310   0.00000000     0.00687491   0.00814193    -0.00640403   0.00000000
  0.00687491  -0.00814193     0.32171788  -0.00000000    -0.00687491   0.00814193
 -0.00640403   0.00000000    -0.00687491  -0.00814193     0.26829310   0.00000000
    1    2
 -0.06654114   0.06527417     0.05024251  -0.04758673    -0.15623612  -0.04811874
  0.05024251  -0.04758673    -0.08516189   0.06328767    -0.05024251   0.04758673
 -0.15623612  -0.04811874    -0.05024251   0.04758673    -0.06654114   0.06527417
    2    1
 -0.06654114  -0.06527417     0.05024251   0.04758673    -0.15623612   0.04811874
  0.05024251   0.04758673    -0.08516189  -0.06328767    -0.05024251  -0.04758673
 -0.15623612   0.04811874    -0.05024251  -0.04758673    -0.06654114  -0.06527417
    2    2
  0.26829310   0.00000000     0.00687491  -0.00814193    -0.00640403   0.00000000
  0.00687491   0.00814193     0.32171788   0.00000000    -0.00687491  -0.00814193
 -0.00640403   0.00000000    -0.00687491   0.00814193     0.26829310   0.00000000

     Dynamical  Matrix in cartesian axes

     q = (   -0.750000000   0.250000000  -0.750000000 ) 

    1    1
  0.26829310   0.00000000    -0.00687491  -0.00814193     0.00640403   0.00000000
 -0.00687491   0.00814193     0.32171788   0.00000000    -0.00687491   0.00814193
  0.00640403   0.00000000    -0.00687491  -0.00814193     0.26829310   0.00000000
    1    2
 -0.06527417  -0.06654114    -0.04758673  -0.05024251    -0.04811874   0.15623612
 -0.04758673  -0.05024251    -0.06328767  -0.08516189    -0.04758673  -0.05024251
 -0.04811874   0.15623612    -0.04758673  -0.05024251    -0.06527417  -0.06654114
    2    1
 -0.06527417   0.06654114    -0.04758673   0.05024251    -0.04811874  -0.15623612
 -0.04758673   0.05024251    -0.06328767   0.08516189    -0.04758673   0.05024251
 -0.04811874  -0.15623612    -0.04758673   0.05024251    -0.06527417   0.06654114
    2    2
  0.26829310  -0.00000000    -0.00687491   0.00814193     0.00640403  -0.00000000
 -0.00687491  -0.00814193     0.32171788  -0.00000000    -0.00687491  -0.00814193
  0.00640403  -0.00000000    -0.00687491   0.00814193     0.26829310  -0.00000000

     Dynamical  Matrix in cartesian axes

     q = (   -0.250000000   0.750000000  -0.750000000 ) 

    1    1
  0.32171788   0.00000000    -0.00687491   0.00814193     0.00687491  -0.00814193
 -0.00687491  -0.00814193     0.26829310   0.00000000    -0.00640403  -0.00000000
  0.00687491   0.00814193    -0.00640403  -0.00000000     0.26829310   0.00000000
    1    2
 -0.08516189   0.06328767    -0.05024251   0.04758673     0.05024251  -0.04758673
 -0.05024251   0.04758673    -0.06654114   0.06527417    -0.15623612  -0.04811874
  0.05024251  -0.04758673    -0.15623612  -0.04811874    -0.06654114   0.06527417
    2    1
 -0.08516189  -0.06328767    -0.05024251  -0.04758673     0.05024251   0.04758673
 -0.05024251  -0.04758673    -0.06654114  -0.06527417    -0.15623612   0.04811874
  0.05024251   0.04758673    -0.15623612   0.04811874    -0.06654114  -0.06527417
    2    2
  0.32171788  -0.00000000    -0.00687491  -0.00814193     0.00687491   0.00814193
 -0.00687491   0.00814193     0.26829310  -0.00000000    -0.00640403   0.00000000
  0.00687491  -0.00814193    -0.00640403   0.00000000     0.26829310  -0.00000000

     Dynamical  Matrix in cartesian axes

     q = (   -0.750000000   0.750000000  -0.250000000 ) 

    1    1
  0.26829310   0.00000000    -0.00640403  -0.00000000     0.00687491   0.00814193
 -0.00640403  -0.00000000     0.26829310   0.00000000    -0.00687491  -0.00814193
  0.00687491  -0.00814193    -0.00687491   0.00814193     0.32171788   0.00000000
    1    2
 -0.06654114   0.06527417    -0.15623612  -0.04811874     0.05024251  -0.04758673
 -0.15623612  -0.04811874    -0.06654114   0.06527417    -0.05024251   0.04758673
  0.05024251  -0.04758673    -0.05024251   0.04758673    -0.08516189   0.06328767
    2    1
 -0.06654114  -0.06527417    -0.15623612   0.04811874     0.05024251   0.04758673
 -0.15623612   0.04811874    -0.06654114  -0.06527417    -0.05024251  -0.04758673
  0.05024251   0.04758673    -0.05024251  -0.04758673    -0.08516189  -0.06328767
    2    2
  0.26829310  -0.00000000    -0.00640403   0.00000000     0.00687491  -0.00814193
 -0.00640403   0.00000000     0.26829310  -0.00000000    -0.00687491   0.00814193
  0.00687491   0.00814193    -0.00687491  -0.00814193     0.32171788  -0.00000000

     Dynamical  Matrix in cartesian axes

     q = (    0.750000000   0.250000000   0.750000000 ) 

    1    1
  0.26829310  -0.00000000     0.00687491   0.00814193     0.00640403  -0.00000000
  0.00687491  -0.00814193     0.32171788  -0.00000000     0.00687491  -0.00814193
  0.00640403  -0.00000000     0.00687491   0.00814193     0.26829310  -0.00000000
    1    2
  0.06654114  -0.06527417    -0.05024251   0.04758673    -0.15623612  -0.04811874
 -0.05024251   0.04758673     0.08516189  -0.06328767    -0.05024251   0.04758673
 -0.15623612  -0.04811874    -0.05024251   0.04758673     0.06654114  -0.06527417
    2    1
  0.06654114   0.06527417    -0.05024251  -0.04758673    -0.15623612   0.04811874
 -0.05024251  -0.04758673     0.08516189   0.06328767    -0.05024251  -0.04758673
 -0.15623612   0.04811874    -0.05024251  -0.04758673     0.06654114   0.06527417
    2    2
  0.26829310   0.00000000     0.00687491  -0.00814193     0.00640403   0.00000000
  0.00687491   0.00814193     0.32171788   0.00000000     0.00687491   0.00814193
  0.00640403   0.00000000     0.00687491  -0.00814193     0.26829310   0.00000000

     Dynamical  Matrix in cartesian axes

     q = (   -0.750000000   0.250000000   0.750000000 ) 

    1    1
  0.26829310   0.00000000    -0.00687491   0.00814193    -0.00640403   0.00000000
 -0.00687491  -0.00814193     0.32171788  -0.00000000     0.00687491   0.00814193
 -0.00640403   0.00000000     0.00687491  -0.00814193     0.26829310   0.00000000
    1    2
 -0.06654114  -0.06527417    -0.05024251  -0.04758673    -0.15623612   0.04811874
 -0.05024251  -0.04758673    -0.08516189  -0.06328767     0.05024251   0.04758673
 -0.15623612   0.04811874     0.05024251   0.04758673    -0.06654114  -0.06527417
    2    1
 -0.06654114   0.06527417    -0.05024251   0.04758673    -0.15623612  -0.04811874
 -0.05024251   0.04758673    -0.08516189   0.06328767     0.05024251  -0.04758673
 -0.15623612  -0.04811874     0.05024251  -0.04758673    -0.06654114   0.06527417
    2    2
  0.26829310   0.00000000    -0.00687491  -0.00814193    -0.00640403   0.00000000
 -0.00687491   0.00814193     0.32171788   0.00000000     0.00687491  -0.00814193
 -0.00640403   0.00000000     0.00687491   0.00814193     0.26829310   0.00000000

     Dynamical  Matrix in cartesian axes

     q = (    0.750000000   0.250000000  -0.750000000 ) 

    1    1
  0.26829310   0.00000000     0.00687491  -0.00814193    -0.00640403   0.00000000
  0.00687491   0.00814193     0.32171788   0.00000000    -0.00687491  -0.00814193
 -0.00640403   0.00000000    -0.00687491   0.00814193     0.26829310   0.00000000
    1    2
 -0.06654114  -0.06527417     0.05024251   0.04758673    -0.15623612   0.04811874
  0.05024251   0.04758673    -0.08516189  -0.06328767    -0.05024251  -0.04758673
 -0.15623612   0.04811874    -0.05024251  -0.04758673    -0.06654114  -0.06527417
    2    1
 -0.06654114   0.06527417     0.05024251  -0.04758673    -0.15623612  -0.04811874
  0.05024251  -0.04758673    -0.08516189   0.06328767    -0.05024251   0.04758673
 -0.15623612  -0.04811874    -0.05024251   0.04758673    -0.06654114   0.06527417
    2    2
  0.26829310   0.00000000     0.00687491   0.00814193    -0.00640403   0.00000000
  0.00687491  -0.00814193     0.32171788  -0.00000000    -0.00687491   0.00814193
 -0.00640403   0.00000000    -0.00687491  -0.00814193     0.26829310   0.00000000

     Dynamical  Matrix in cartesian axes

     q = (   -0.750000000   0.750000000   0.250000000 ) 

    1    1
  0.26829310  -0.00000000    -0.00640403   0.00000000    -0.00687491   0.00814193
 -0.00640403   0.00000000     0.26829310  -0.00000000     0.00687491  -0.00814193
 -0.00687491  -0.00814193     0.00687491   0.00814193     0.32171788  -0.00000000
    1    2
 -0.06654114  -0.06527417    -0.15623612   0.04811874    -0.05024251  -0.04758673
 -0.15623612   0.04811874    -0.06654114  -0.06527417     0.05024251   0.04758673
 -0.05024251  -0.04758673     0.05024251   0.04758673    -0.08516189  -0.06328767
    2    1
 -0.06654114   0.06527417    -0.15623612  -0.04811874    -0.05024251   0.04758673
 -0.15623612  -0.04811874    -0.06654114   0.06527417     0.05024251  -0.04758673
 -0.05024251   0.04758673     0.05024251  -0.04758673    -0.08516189   0.06328767
    2    2
  0.26829310   0.00000000    -0.00640403  -0.00000000    -0.00687491  -0.00814193
 -0.00640403  -0.00000000     0.26829310   0.00000000     0.00687491   0.00814193
 -0.00687491   0.00814193     0.00687491  -0.00814193     0.32171788   0.00000000

     Dynamical  Matrix in cartesian axes

     q = (   -0.250000000   0.750000000   0.750000000 ) 

    1    1
  0.32171788  -0.00000000    -0.00687491  -0.00814193    -0.00687491  -0.00814193
 -0.00687491   0.00814193     0.26829310  -0.00000000     0.00640403   0.00000000
 -0.00687491   0.00814193     0.00640403   0.00000000     0.26829310  -0.00000000
    1    2
 -0.06328767   0.08516189    -0.04758673   0.05024251    -0.04758673   0.05024251
 -0.04758673   0.05024251    -0.06527417   0.06654114    -0.04811874  -0.15623612
 -0.04758673   0.05024251    -0.04811874  -0.15623612    -0.06527417   0.06654114
    2    1
 -0.06328767  -0.08516189    -0.04758673  -0.05024251    -0.04758673  -0.05024251
 -0.04758673  -0.05024251    -0.06527417  -0.06654114    -0.04811874   0.15623612
 -0.04758673  -0.05024251    -0.04811874   0.15623612    -0.06527417  -0.06654114
    2    2
  0.32171788   0.00000000    -0.00687491   0.00814193    -0.00687491   0.00814193
 -0.00687491  -0.00814193     0.26829310   0.00000000     0.00640403  -0.00000000
 -0.00687491  -0.00814193     0.00640403  -0.00000000     0.26829310   0.00000000

     Dynamical  Matrix in cartesian axes

     q = (    0.250000000   0.750000000  -0.750000000 ) 

    1    1
  0.32171788   0.00000000     0.00687491   0.00814193    -0.00687491  -0.00814193
  0.00687491  -0.00814193     0.26829310   0.00000000    -0.00640403  -0.00000000
 -0.00687491   0.00814193    -0.00640403  -0.00000000     0.26829310   0.00000000
    1    2
 -0.08516189  -0.06328767     0.05024251   0.04758673    -0.05024251  -0.04758673
  0.05024251   0.04758673    -0.06654114  -0.06527417    -0.15623612   0.04811874
 -0.05024251  -0.04758673    -0.15623612   0.04811874    -0.06654114  -0.06527417
    2    1
 -0.08516189   0.06328767     0.05024251  -0.04758673    -0.05024251   0.04758673
  0.05024251  -0.04758673    -0.06654114   0.06527417    -0.15623612  -0.04811874
 -0.05024251   0.04758673    -0.15623612  -0.04811874    -0.06654114   0.06527417
    2    2
  0.32171788  -0.00000000     0.00687491  -0.00814193    -0.00687491   0.00814193
  0.00687491   0.00814193     0.26829310  -0.00000000    -0.00640403   0.00000000
 -0.00687491  -0.00814193    -0.00640403   0.00000000     0.26829310  -0.00000000

     Dynamical  Matrix in cartesian axes

     q = (   -0.250000000  -0.750000000  -0.750000000 ) 

    1    1
  0.32171788   0.00000000     0.00687491   0.00814193     0.00687491   0.00814193
  0.00687491  -0.00814193     0.26829310   0.00000000     0.00640403  -0.00000000
  0.00687491  -0.00814193     0.00640403  -0.00000000     0.26829310   0.00000000
    1    2
  0.08516189   0.06328767    -0.05024251  -0.04758673    -0.05024251  -0.04758673
 -0.05024251  -0.04758673     0.06654114   0.06527417    -0.15623612   0.04811874
 -0.05024251  -0.04758673    -0.15623612   0.04811874     0.06654114   0.06527417
    2    1
  0.08516189  -0.06328767    -0.05024251   0.04758673    -0.05024251   0.04758673
 -0.05024251   0.04758673     0.06654114  -0.06527417    -0.15623612  -0.04811874
 -0.05024251   0.04758673    -0.15623612  -0.04811874     0.06654114  -0.06527417
    2    2
  0.32171788  -0.00000000     0.00687491  -0.00814193     0.00687491  -0.00814193
  0.00687491   0.00814193     0.26829310  -0.00000000     0.00640403   0.00000000
  0.00687491   0.00814193     0.00640403   0.00000000     0.26829310  -0.00000000

     Dynamical  Matrix in cartesian axes

     q = (    0.750000000   0.750000000  -0.250000000 ) 

    1    1
  0.26829310   0.00000000     0.00640403   0.00000000    -0.00687491   0.00814193
  0.00640403   0.00000000     0.26829310   0.00000000    -0.00687491   0.00814193
 -0.00687491  -0.00814193    -0.00687491  -0.00814193     0.32171788   0.00000000
    1    2
 -0.06527417   0.06654114    -0.04811874  -0.15623612    -0.04758673   0.05024251
 -0.04811874  -0.15623612    -0.06527417   0.06654114    -0.04758673   0.05024251
 -0.04758673   0.05024251    -0.04758673   0.05024251    -0.06328767   0.08516189
    2    1
 -0.06527417  -0.06654114    -0.04811874   0.15623612    -0.04758673  -0.05024251
 -0.04811874   0.15623612    -0.06527417  -0.06654114    -0.04758673  -0.05024251
 -0.04758673  -0.05024251    -0.04758673  -0.05024251    -0.06328767  -0.08516189
    2    2
  0.26829310  -0.00000000     0.00640403  -0.00000000    -0.00687491  -0.00814193
  0.00640403  -0.00000000     0.26829310  -0.00000000    -0.00687491  -0.00814193
 -0.00687491   0.00814193    -0.00687491   0.00814193     0.32171788  -0.00000000

     Dynamical  Matrix in cartesian axes

     q = (    0.750000000  -0.750000000   0.250000000 ) 

    1    1
  0.26829310  -0.00000000    -0.00640403   0.00000000     0.00687491  -0.00814193
 -0.00640403   0.00000000     0.26829310  -0.00000000    -0.00687491   0.00814193
  0.00687491   0.00814193    -0.00687491  -0.00814193     0.32171788  -0.00000000
    1    2
 -0.06654114  -0.06527417    -0.15623612   0.04811874     0.05024251   0.04758673
 -0.15623612   0.04811874    -0.06654114  -0.06527417    -0.05024251  -0.04758673
  0.05024251   0.04758673    -0.05024251  -0.04758673    -0.08516189  -0.06328767
    2    1
 -0.06654114   0.06527417    -0.15623612  -0.04811874     0.05024251  -0.04758673
 -0.15623612  -0.04811874    -0.06654114   0.06527417    -0.05024251   0.04758673
  0.05024251  -0.04758673    -0.05024251   0.04758673    -0.08516189   0.06328767
    2    2
  0.26829310   0.00000000    -0.00640403  -0.00000000     0.00687491   0.00814193
 -0.00640403  -0.00000000     0.26829310   0.00000000    -0.00687491  -0.00814193
  0.00687491  -0.00814193    -0.00687491   0.00814193     0.32171788   0.00000000

     Dynamical  Matrix in cartesian axes

     q = (   -0.750000000  -0.750000000  -0.250000000 ) 

    1    1
  0.26829310  -0.00000000     0.00640403  -0.00000000     0.00687491  -0.00814193
  0.00640403  -0.00000000     0.26829310  -0.00000000     0.00687491  -0.00814193
  0.00687491   0.00814193     0.00687491   0.00814193     0.32171788  -0.00000000
    1    2
  0.06654114   0.06527417    -0.15623612   0.04811874    -0.05024251  -0.04758673
 -0.15623612   0.04811874     0.06654114   0.06527417    -0.05024251  -0.04758673
 -0.05024251  -0.04758673    -0.05024251  -0.04758673     0.08516189   0.06328767
    2    1
  0.06654114  -0.06527417    -0.15623612  -0.04811874    -0.05024251   0.04758673
 -0.15623612  -0.04811874     0.06654114  -0.06527417    -0.05024251   0.04758673
 -0.05024251   0.04758673    -0.05024251   0.04758673     0.08516189  -0.06328767
    2    2
  0.26829310   0.00000000     0.00640403   0.00000000     0.00687491   0.00814193
  0.00640403   0.00000000     0.26829310   0.00000000     0.00687491   0.00814193
  0.00687491  -0.00814193     0.00687491  -0.00814193     0.32171788   0.00000000

     Dynamical  Matrix in cartesian axes

     q = (    0.250000000  -0.750000000   0.750000000 ) 

    1    1
  0.32171788  -0.00000000    -0.00687491  -0.00814193     0.00687491   0.00814193
 -0.00687491   0.00814193     0.26829310  -0.00000000    -0.00640403   0.00000000
  0.00687491  -0.00814193    -0.00640403   0.00000000     0.26829310  -0.00000000
    1    2
 -0.08516189  -0.06328767    -0.05024251  -0.04758673     0.05024251   0.04758673
 -0.05024251  -0.04758673    -0.06654114  -0.06527417    -0.15623612   0.04811874
  0.05024251   0.04758673    -0.15623612   0.04811874    -0.06654114  -0.06527417
    2    1
 -0.08516189   0.06328767    -0.05024251   0.04758673     0.05024251  -0.04758673
 -0.05024251   0.04758673    -0.06654114   0.06527417    -0.15623612  -0.04811874
  0.05024251  -0.04758673    -0.15623612  -0.04811874    -0.06654114   0.06527417
    2    2
  0.32171788   0.00000000    -0.00687491   0.00814193     0.00687491  -0.00814193
 -0.00687491  -0.00814193     0.26829310   0.00000000    -0.00640403  -0.00000000
  0.00687491   0.00814193    -0.00640403  -0.00000000     0.26829310   0.00000000

     Dynamical  Matrix in cartesian axes

     q = (   -0.750000000  -0.750000000   0.250000000 ) 

    1    1
  0.26829310  -0.00000000     0.00640403  -0.00000000    -0.00687491  -0.00814193
  0.00640403  -0.00000000     0.26829310  -0.00000000    -0.00687491  -0.00814193
 -0.00687491   0.00814193    -0.00687491   0.00814193     0.32171788  -0.00000000
    1    2
 -0.06527417  -0.06654114    -0.04811874   0.15623612    -0.04758673  -0.05024251
 -0.04811874   0.15623612    -0.06527417  -0.06654114    -0.04758673  -0.05024251
 -0.04758673  -0.05024251    -0.04758673  -0.05024251    -0.06328767  -0.08516189
    2    1
 -0.06527417   0.06654114    -0.04811874  -0.15623612    -0.04758673   0.05024251
 -0.04811874  -0.15623612    -0.06527417   0.06654114    -0.04758673   0.05024251
 -0.04758673   0.05024251    -0.04758673   0.05024251    -0.06328767   0.08516189
    2    2
  0.26829310   0.00000000     0.00640403   0.00000000    -0.00687491   0.00814193
  0.00640403   0.00000000     0.26829310   0.00000000    -0.00687491   0.00814193
 -0.00687491  -0.00814193    -0.00687491  -0.00814193     0.32171788   0.00000000

     Dynamical  Matrix in cartesian axes

     q = (    0.250000000   0.750000000   0.750000000 ) 

    1    1
  0.32171788  -0.00000000     0.00687491  -0.00814193     0.00687491  -0.00814193
  0.00687491   0.00814193     0.26829310  -0.00000000     0.00640403   0.00000000
  0.00687491   0.00814193     0.00640403   0.00000000     0.26829310  -0.00000000
    1    2
  0.08516189  -0.06328767    -0.05024251   0.04758673    -0.05024251   0.04758673
 -0.05024251   0.04758673     0.06654114  -0.06527417    -0.15623612  -0.04811874
 -0.05024251   0.04758673    -0.15623612  -0.04811874     0.06654114  -0.06527417
    2    1
  0.08516189   0.06328767    -0.05024251  -0.04758673    -0.05024251  -0.04758673
 -0.05024251  -0.04758673     0.06654114   0.06527417    -0.15623612   0.04811874
 -0.05024251  -0.04758673    -0.15623612   0.04811874     0.06654114   0.06527417
    2    2
  0.32171788   0.00000000     0.00687491   0.00814193     0.00687491   0.00814193
  0.00687491  -0.00814193     0.26829310   0.00000000     0.00640403  -0.00000000
  0.00687491  -0.00814193     0.00640403  -0.00000000     0.26829310   0.00000000

     Dynamical  Matrix in cartesian axes

     q = (   -0.250000000  -0.750000000   0.750000000 ) 

    1    1
  0.32171788  -0.00000000     0.00687491  -0.00814193    -0.00687491   0.00814193
  0.00687491   0.00814193     0.26829310  -0.00000000    -0.00640403   0.00000000
 -0.00687491  -0.00814193    -0.00640403   0.00000000     0.26829310  -0.00000000
    1    2
 -0.08516189   0.06328767     0.05024251  -0.04758673    -0.05024251   0.04758673
  0.05024251  -0.04758673    -0.06654114   0.06527417    -0.15623612  -0.04811874
 -0.05024251   0.04758673    -0.15623612  -0.04811874    -0.06654114   0.06527417
    2    1
 -0.08516189  -0.06328767     0.05024251   0.04758673    -0.05024251  -0.04758673
  0.05024251   0.04758673    -0.06654114  -0.06527417    -0.15623612   0.04811874
 -0.05024251  -0.04758673    -0.15623612   0.04811874    -0.06654114  -0.06527417
    2    2
  0.32171788   0.00000000     0.00687491   0.00814193    -0.00687491  -0.00814193
  0.00687491  -0.00814193     0.26829310   0.00000000    -0.00640403  -0.00000000
 -0.00687491   0.00814193    -0.00640403  -0.00000000     0.26829310   0.00000000

     Dynamical  Matrix in cartesian axes

     q = (    0.750000000   0.750000000   0.250000000 ) 

    1    1
  0.26829310   0.00000000     0.00640403   0.00000000     0.00687491   0.00814193
  0.00640403   0.00000000     0.26829310   0.00000000     0.00687491   0.00814193
  0.00687491  -0.00814193     0.00687491  -0.00814193     0.32171788   0.00000000
    1    2
  0.06654114  -0.06527417    -0.15623612  -0.04811874    -0.05024251   0.04758673
 -0.15623612  -0.04811874     0.06654114  -0.06527417    -0.05024251   0.04758673
 -0.05024251   0.04758673    -0.05024251   0.04758673     0.08516189  -0.06328767
    2    1
  0.06654114   0.06527417    -0.15623612   0.04811874    -0.05024251  -0.04758673
 -0.15623612   0.04811874     0.06654114   0.06527417    -0.05024251  -0.04758673
 -0.05024251  -0.04758673    -0.05024251  -0.04758673     0.08516189   0.06328767
    2    2
  0.26829310  -0.00000000     0.00640403  -0.00000000     0.00687491  -0.00814193
  0.00640403  -0.00000000     0.26829310  -0.00000000     0.00687491  -0.00814193
  0.00687491   0.00814193     0.00687491   0.00814193     0.32171788  -0.00000000

     Dynamical  Matrix in cartesian axes

     q = (    0.250000000  -0.750000000  -0.750000000 ) 

    1    1
  0.32171788   0.00000000    -0.00687491   0.00814193    -0.00687491   0.00814193
 -0.00687491  -0.00814193     0.26829310   0.00000000     0.00640403  -0.00000000
 -0.00687491  -0.00814193     0.00640403  -0.00000000     0.26829310   0.00000000
    1    2
 -0.06328767  -0.08516189    -0.04758673  -0.05024251    -0.04758673  -0.05024251
 -0.04758673  -0.05024251    -0.06527417  -0.06654114    -0.04811874   0.15623612
 -0.04758673  -0.05024251    -0.04811874   0.15623612    -0.06527417  -0.06654114
    2    1
 -0.06328767   0.08516189    -0.04758673   0.05024251    -0.04758673   0.05024251
 -0.04758673   0.05024251    -0.06527417   0.06654114    -0.04811874  -0.15623612
 -0.04758673   0.05024251    -0.04811874  -0.15623612    -0.06527417   0.06654114
    2    2
  0.32171788  -0.00000000    -0.00687491  -0.00814193    -0.00687491  -0.00814193
 -0.00687491   0.00814193     0.26829310  -0.00000000     0.00640403   0.00000000
 -0.00687491   0.00814193     0.00640403   0.00000000     0.26829310  -0.00000000

     Dynamical  Matrix in cartesian axes

     q = (    0.750000000  -0.750000000  -0.250000000 ) 

    1    1
  0.26829310   0.00000000    -0.00640403  -0.00000000    -0.00687491  -0.00814193
 -0.00640403  -0.00000000     0.26829310   0.00000000     0.00687491   0.00814193
 -0.00687491   0.00814193     0.00687491  -0.00814193     0.32171788   0.00000000
    1    2
 -0.06654114   0.06527417    -0.15623612  -0.04811874    -0.05024251   0.04758673
 -0.15623612  -0.04811874    -0.06654114   0.06527417     0.05024251  -0.04758673
 -0.05024251   0.04758673     0.05024251  -0.04758673    -0.08516189   0.06328767
    2    1
 -0.06654114  -0.06527417    -0.15623612   0.04811874    -0.05024251  -0.04758673
 -0.15623612   0.04811874    -0.06654114  -0.06527417     0.05024251   0.04758673
 -0.05024251  -0.04758673     0.05024251   0.04758673    -0.08516189  -0.06328767
    2    2
  0.26829310  -0.00000000    -0.00640403   0.00000000    -0.00687491   0.00814193
 -0.00640403   0.00000000     0.26829310  -0.00000000     0.00687491  -0.00814193
 -0.00687491  -0.00814193     0.00687491   0.00814193     0.32171788  -0.00000000

     Diagonalizing the dynamical matrix

     q = (    0.750000000  -0.250000000   0.750000000 ) 

 **************************************************************************
     freq (    1) =       4.032050 [THz] =     134.494711 [cm-1]
 (  0.038390 -0.498524 -0.000000  0.000000 -0.038390  0.498524 ) 
 (  0.500000  0.000000 -0.000000 -0.000000 -0.500000  0.000000 ) 
     freq (    2) =       5.797640 [THz] =     193.388468 [cm-1]
 ( -0.384271 -0.182851 -0.338973  0.151328 -0.384271 -0.182851 ) 
 ( -0.425557 -0.000000 -0.241066 -0.282295 -0.425557  0.000000 ) 
     freq (    3) =       9.701558 [THz] =     323.609147 [cm-1]
 (  0.142289 -0.272056  0.351257  0.433702  0.142289 -0.272056 ) 
 ( -0.307019  0.000000  0.221522  0.512257 -0.307019  0.000000 ) 
     freq (    4) =      12.652783 [THz] =     422.051417 [cm-1]
 (  0.033418  0.311125 -0.392946 -0.386992  0.033418  0.311125 ) 
 ( -0.312914  0.000000  0.426744  0.349369 -0.312914  0.000000 ) 
     freq (    5) =      14.324576 [THz] =     477.816417 [cm-1]
 (  0.038390 -0.498524 -0.000000 -0.000000 -0.038390  0.498524 ) 
 ( -0.500000  0.000000  0.000000  0.000000  0.500000  0.000000 ) 
     freq (    6) =      14.713839 [THz] =     490.800831 [cm-1]
 ( -0.307278 -0.179739 -0.447681  0.214778 -0.307278 -0.179739 ) 
 (  0.355986 -0.000000  0.277985  0.411428  0.355986 -0.000000 ) 
 **************************************************************************
