Dynamical matrix file
phonons of Si                                                              
  1    2   2  10.2000000   0.0000000   0.0000000   0.0000000   0.0000000   0.0000000
           1  'Si  '    25598.823011949724     
    1    1      0.0000000000      0.0000000000      0.0000000000
    2    1      0.2500000000      0.2500000000      0.2500000000

     Dynamical  Matrix in cartesian axes

     q = (   -0.250000000   0.250000000  -0.250000000 ) 

    1    1
  0.29195088   0.00000000    -0.01220970   0.00000000     0.01220970   0.00000000
 -0.01220970   0.00000000     0.29195088   0.00000000    -0.01220970   0.00000000
  0.01220970   0.00000000    -0.01220970   0.00000000     0.29195088   0.00000000
    1    2
 -0.21545829  -0.06292257    -0.04512015   0.04609236     0.04512015  -0.04609236
 -0.04512015   0.04609236    -0.21545829  -0.06292257    -0.04512015   0.04609236
  0.04512015  -0.04609236    -0.04512015   0.04609236    -0.21545829  -0.06292257
    2    1
 -0.21545829   0.06292257    -0.04512015  -0.04609236     0.04512015   0.04609236
 -0.04512015  -0.04609236    -0.21545829   0.06292257    -0.04512015  -0.04609236
  0.04512015   0.04609236    -0.04512015  -0.04609236    -0.21545829   0.06292257
    2    2
  0.29195088   0.00000000    -0.01220970   0.00000000     0.01220970   0.00000000
 -0.01220970   0.00000000     0.29195088   0.00000000    -0.01220970   0.00000000
  0.01220970   0.00000000    -0.01220970   0.00000000     0.29195088   0.00000000

     Dynamical  Matrix in cartesian axes

     q = (    0.250000000  -0.250000000  -0.250000000 ) 

    1    1
  0.29195088   0.00000000    -0.01220970   0.00000000    -0.01220970   0.00000000
 -0.01220970   0.00000000     0.29195088   0.00000000     0.01220970   0.00000000
 -0.01220970   0.00000000     0.01220970   0.00000000     0.29195088   0.00000000
    1    2
 -0.21545829  -0.06292257    -0.04512015   0.04609236    -0.04512015   0.04609236
 -0.04512015   0.04609236    -0.21545829  -0.06292257     0.04512015  -0.04609236
 -0.04512015   0.04609236     0.04512015  -0.04609236    -0.21545829  -0.06292257
    2    1
 -0.21545829   0.06292257    -0.04512015  -0.04609236    -0.04512015  -0.04609236
 -0.04512015  -0.04609236    -0.21545829   0.06292257     0.04512015   0.04609236
 -0.04512015  -0.04609236     0.04512015   0.04609236    -0.21545829   0.06292257
    2    2
  0.29195088   0.00000000    -0.01220970   0.00000000    -0.01220970   0.00000000
 -0.01220970   0.00000000     0.29195088   0.00000000     0.01220970   0.00000000
 -0.01220970   0.00000000     0.01220970   0.00000000     0.29195088   0.00000000

     Dynamical  Matrix in cartesian axes

     q = (    0.250000000  -0.250000000   0.250000000 ) 

    1    1
  0.29195088   0.00000000    -0.01220970   0.00000000     0.01220970   0.00000000
 -0.01220970   0.00000000     0.29195088   0.00000000    -0.01220970   0.00000000
  0.01220970   0.00000000    -0.01220970   0.00000000     0.29195088   0.00000000
    1    2
 -0.21545829   0.06292257    -0.04512015  -0.04609236     0.04512015   0.04609236
 -0.04512015  -0.04609236    -0.21545829   0.06292257    -0.04512015  -0.04609236
  0.04512015   0.04609236    -0.04512015  -0.04609236    -0.21545829   0.06292257
    2    1
 -0.21545829  -0.06292257    -0.04512015   0.04609236     0.04512015  -0.04609236
 -0.04512015   0.04609236    -0.21545829  -0.06292257    -0.04512015   0.04609236
  0.04512015  -0.04609236    -0.04512015   0.04609236    -0.21545829  -0.06292257
    2    2
  0.29195088   0.00000000    -0.01220970   0.00000000     0.01220970   0.00000000
 -0.01220970   0.00000000     0.29195088   0.00000000    -0.01220970   0.00000000
  0.01220970   0.00000000    -0.01220970   0.00000000     0.29195088   0.00000000

     Dynamical  Matrix in cartesian axes

     q = (    0.250000000   0.250000000   0.250000000 ) 

    1    1
  0.29195088   0.00000000     0.01220970   0.00000000     0.01220970   0.00000000
  0.01220970   0.00000000     0.29195088   0.00000000     0.01220970   0.00000000
  0.01220970   0.00000000     0.01220970   0.00000000     0.29195088   0.00000000
    1    2
 -0.06292257   0.21545829    -0.04609236  -0.04512015    -0.04609236  -0.04512015
 -0.04609236  -0.04512015    -0.06292257   0.21545829    -0.04609236  -0.04512015
 -0.04609236  -0.04512015    -0.04609236  -0.04512015    -0.06292257   0.21545829
    2    1
 -0.06292257  -0.21545829    -0.04609236   0.04512015    -0.04609236   0.04512015
 -0.04609236   0.04512015    -0.06292257  -0.21545829    -0.04609236   0.04512015
 -0.04609236   0.04512015    -0.04609236   0.04512015    -0.06292257  -0.21545829
    2    2
  0.29195088   0.00000000     0.01220970   0.00000000     0.01220970   0.00000000
  0.01220970   0.00000000     0.29195088   0.00000000     0.01220970   0.00000000
  0.01220970   0.00000000     0.01220970   0.00000000     0.29195088   0.00000000

     Dynamical  Matrix in cartesian axes

     q = (   -0.250000000  -0.250000000  -0.250000000 ) 

    1    1
  0.29195088   0.00000000     0.01220970   0.00000000     0.01220970   0.00000000
  0.01220970   0.00000000     0.29195088   0.00000000     0.01220970   0.00000000
  0.01220970   0.00000000     0.01220970   0.00000000     0.29195088   0.00000000
    1    2
 -0.06292257  -0.21545829    -0.04609236   0.04512015    -0.04609236   0.04512015
 -0.04609236   0.04512015    -0.06292257  -0.21545829    -0.04609236   0.04512015
 -0.04609236   0.04512015    -0.04609236   0.04512015    -0.06292257  -0.21545829
    2    1
 -0.06292257   0.21545829    -0.04609236  -0.04512015    -0.04609236  -0.04512015
 -0.04609236  -0.04512015    -0.06292257   0.21545829    -0.04609236  -0.04512015
 -0.04609236  -0.04512015    -0.04609236  -0.04512015    -0.06292257   0.21545829
    2    2
  0.29195088   0.00000000     0.01220970   0.00000000     0.01220970   0.00000000
  0.01220970   0.00000000     0.29195088   0.00000000     0.01220970   0.00000000
  0.01220970   0.00000000     0.01220970   0.00000000     0.29195088   0.00000000

     Dynamical  Matrix in cartesian axes

     q = (   -0.250000000  -0.250000000   0.250000000 ) 

    1    1
  0.29195088   0.00000000     0.01220970   0.00000000    -0.01220970   0.00000000
  0.01220970   0.00000000     0.29195088   0.00000000    -0.01220970   0.00000000
 -0.01220970   0.00000000    -0.01220970   0.00000000     0.29195088   0.00000000
    1    2
 -0.21545829  -0.06292257     0.04512015  -0.04609236    -0.04512015   0.04609236
  0.04512015  -0.04609236    -0.21545829  -0.06292257    -0.04512015   0.04609236
 -0.04512015   0.04609236    -0.04512015   0.04609236    -0.21545829  -0.06292257
    2    1
 -0.21545829   0.06292257     0.04512015   0.04609236    -0.04512015  -0.04609236
  0.04512015   0.04609236    -0.21545829   0.06292257    -0.04512015  -0.04609236
 -0.04512015  -0.04609236    -0.04512015  -0.04609236    -0.21545829   0.06292257
    2    2
  0.29195088   0.00000000     0.01220970   0.00000000    -0.01220970   0.00000000
  0.01220970   0.00000000     0.29195088   0.00000000    -0.01220970   0.00000000
 -0.01220970   0.00000000    -0.01220970   0.00000000     0.29195088   0.00000000

     Dynamical  Matrix in cartesian axes

     q = (   -0.250000000   0.250000000   0.250000000 ) 

    1    1
  0.29195088   0.00000000    -0.01220970   0.00000000    -0.01220970   0.00000000
 -0.01220970   0.00000000     0.29195088   0.00000000     0.01220970   0.00000000
 -0.01220970   0.00000000     0.01220970   0.00000000     0.29195088   0.00000000
    1    2
 -0.21545829   0.06292257    -0.04512015  -0.04609236    -0.04512015  -0.04609236
 -0.04512015  -0.04609236    -0.21545829   0.06292257     0.04512015   0.04609236
 -0.04512015  -0.04609236     0.04512015   0.04609236    -0.21545829   0.06292257
    2    1
 -0.21545829  -0.06292257    -0.04512015   0.04609236    -0.04512015   0.04609236
 -0.04512015   0.04609236    -0.21545829  -0.06292257     0.04512015  -0.04609236
 -0.04512015   0.04609236     0.04512015  -0.04609236    -0.21545829  -0.06292257
    2    2
  0.29195088   0.00000000    -0.01220970   0.00000000    -0.01220970   0.00000000
 -0.01220970   0.00000000     0.29195088   0.00000000     0.01220970   0.00000000
 -0.01220970   0.00000000     0.01220970   0.00000000     0.29195088   0.00000000

     Dynamical  Matrix in cartesian axes

     q = (    0.250000000   0.250000000  -0.250000000 ) 

    1    1
  0.29195088   0.00000000     0.01220970   0.00000000    -0.01220970   0.00000000
  0.01220970   0.00000000     0.29195088   0.00000000    -0.01220970   0.00000000
 -0.01220970   0.00000000    -0.01220970   0.00000000     0.29195088   0.00000000
    1    2
 -0.21545829   0.06292257     0.04512015   0.04609236    -0.04512015  -0.04609236
  0.04512015   0.04609236    -0.21545829   0.06292257    -0.04512015  -0.04609236
 -0.04512015  -0.04609236    -0.04512015  -0.04609236    -0.21545829   0.06292257
    2    1
 -0.21545829  -0.06292257     0.04512015  -0.04609236    -0.04512015   0.04609236
  0.04512015  -0.04609236    -0.21545829  -0.06292257    -0.04512015   0.04609236
 -0.04512015   0.04609236    -0.04512015   0.04609236    -0.21545829  -0.06292257
    2    2
  0.29195088   0.00000000     0.01220970   0.00000000    -0.01220970   0.00000000
  0.01220970   0.00000000     0.29195088   0.00000000    -0.01220970   0.00000000
 -0.01220970   0.00000000    -0.01220970   0.00000000     0.29195088   0.00000000

     Diagonalizing the dynamical matrix

     q = (   -0.250000000   0.250000000  -0.250000000 ) 

 **************************************************************************
     freq (    1) =       2.805773 [THz] =      93.590506 [cm-1]
 ( -0.516038 -0.173779 -0.403914 -0.166537  0.112124  0.007242 ) 
 ( -0.526166 -0.140157 -0.413808 -0.140157  0.112357  0.000000 ) 
     freq (    2) =       2.805773 [THz] =      93.590506 [cm-1]
 ( -0.191307  0.015509  0.373827  0.052010  0.565134  0.036501 ) 
 ( -0.189910  0.027808  0.376402  0.027808  0.566312  0.000000 ) 
     freq (    3) =       7.034087 [THz] =     234.631900 [cm-1]
 ( -0.256442 -0.317654  0.256442  0.317654 -0.256442 -0.317654 ) 
 ( -0.408248  0.000000  0.408248  0.000000 -0.408248  0.000000 ) 
     freq (    4) =      14.766222 [THz] =     492.548144 [cm-1]
 ( -0.256442 -0.317654  0.256442  0.317654 -0.256442 -0.317654 ) 
 (  0.408248 -0.000000 -0.408248  0.000000  0.408248  0.000000 ) 
     freq (    5) =      15.121974 [THz] =     504.414768 [cm-1]
 (  0.287973  0.018647 -0.288176 -0.018565 -0.576150 -0.037212 ) 
 ( -0.288577 -0.000048  0.288774 -0.000048  0.577350  0.000000 ) 
     freq (    6) =      15.121974 [THz] =     504.414768 [cm-1]
 ( -0.463549  0.187560 -0.463423  0.187569  0.000126  0.000008 ) 
 (  0.450497 -0.217048  0.450370 -0.217048 -0.000126  0.000000 ) 
 **************************************************************************
