(0.0000000,0.0000000)  (0.0000000,-0.00011326884)  (0.0000000,0.00013531283)  (0.0000000,3.8593173e-05)  (0.0000000,-1.3517156e-06)  (0.0000000,0.00017163771)  (0.0000000,-0.00016703487)  (0.0000000,-5.4358654e-05)  (0.0000000,-7.6473662e-05)  (0.0000000,0.00013928168)  (0.0000000,0.00025660853)  
(0.0000000,0.00011326884)  (0.034943589,0.0000000)  (0.0000000,-0.00071765170)  (0.0000000,0.00054735421)  (0.0000000,-0.00074118012)  (0.0000000,0.00013487558)  (0.0000000,-9.6963020e-05)  (0.0000000,4.5462350e-06)  (0.0000000,1.8572739e-05)  (0.0000000,-2.6404313e-05)  (0.0000000,-2.1272026e-05)  
(-0.0000000,-0.00013531283)  (0.0000000,0.00071765170)  (0.052650031,0.0000000)  (0.0000000,-0.022790450)  (0.0000000,-6.2993570e-05)  (0.0000000,7.0851471e-06)  (0.0000000,-4.4871052e-06)  (0.0000000,-0.00011035305)  (0.0000000,-0.00015213385)  (0.0000000,0.00011347538)  (0.0000000,4.6312181e-05)  
(-0.0000000,-3.8593173e-05)  (-0.0000000,-0.00054735421)  (0.0000000,0.022790450)  (0.052659219,0.0000000)  (0.0000000,-5.9653626e-05)  (0.0000000,1.0234202e-05)  (0.0000000,-3.1481158e-06)  (0.0000000,-1.7450605e-05)  (0.0000000,-9.0757280e-05)  (0.0000000,0.00015362207)  (0.0000000,-6.3116962e-05)  
(0.0000000,1.3517156e-06)  (0.0000000,0.00074118012)  (0.0000000,6.2993570e-05)  (0.0000000,5.9653626e-05)  (0.053065304,0.0000000)  (0.0000000,0.00042406913)  (0.0000000,-0.00043869621)  (0.0000000,1.7165760e-06)  (0.0000000,0.00061384580)  (0.0000000,0.00046935048)  (0.0000000,0.00037390832)  
(-0.0000000,-0.00017163771)  (-0.0000000,-0.00013487558)  (-0.0000000,-7.0851471e-06)  (-0.0000000,-1.0234202e-05)  (-0.0000000,-0.00042406913)  (0.056237183,0.0000000)  (0.0000000,1.8916394e-05)  (0.0000000,9.8825068e-05)  (0.0000000,-6.4184217e-06)  (0.0000000,-2.3225930e-05)  (0.0000000,0.00083139508)  
(0.0000000,0.00016703487)  (0.0000000,9.6963020e-05)  (0.0000000,4.4871052e-06)  (0.0000000,3.1481158e-06)  (0.0000000,0.00043869621)  (-0.0000000,-1.8916394e-05)  (0.056400720,0.0000000)  (0.0000000,-8.0083350e-05)  (0.0000000,-6.5688484e-05)  (0.0000000,-2.3526943e-05)  (0.0000000,-0.00087558523)  
(0.0000000,5.4358654e-05)  (-0.0000000,-4.5462350e-06)  (0.0000000,0.00011035305)  (0.0000000,1.7450605e-05)  (-0.0000000,-1.7165760e-06)  (-0.0000000,-9.8825068e-05)  (0.0000000,8.0083350e-05)  (0.064154937,0.0000000)  (0.0000000,0.00016430486)  (0.0000000,0.00017272442)  (0.0000000,5.2664391e-06)  
(0.0000000,7.6473662e-05)  (-0.0000000,-1.8572739e-05)  (0.0000000,0.00015213385)  (0.0000000,9.0757280e-05)  (-0.0000000,-0.00061384580)  (0.0000000,6.4184217e-06)  (0.0000000,6.5688484e-05)  (-0.0000000,-0.00016430486)  (0.067269487,0.0000000)  (0.0000000,0.023318637)  (0.0000000,-0.00030768321)  
(-0.0000000,-0.00013928168)  (0.0000000,2.6404313e-05)  (-0.0000000,-0.00011347538)  (-0.0000000,-0.00015362207)  (-0.0000000,-0.00046935048)  (0.0000000,2.3225930e-05)  (0.0000000,2.3526943e-05)  (-0.0000000,-0.00017272442)  (-0.0000000,-0.023318637)  (0.067283084,0.0000000)  (0.0000000,0.00039417267)  
(-0.0000000,-0.00025660853)  (0.0000000,2.1272026e-05)  (-0.0000000,-4.6312181e-05)  (0.0000000,6.3116962e-05)  (-0.0000000,-0.00037390832)  (-0.0000000,-0.00083139508)  (0.0000000,0.00087558523)  (-0.0000000,-5.2664391e-06)  (0.0000000,0.00030768321)  (-0.0000000,-0.00039417267)  (0.073000625,0.0000000)  
