(0.0000000,0.0000000)  (0.0000000,5.6572701e-06)  (0.0000000,-9.9343936e-06)  (0.0000000,1.3664096e-05)  (0.0000000,-7.5634737e-05)  (0.0000000,-3.5199490e-05)  (0.0000000,3.0084899e-05)  (0.0000000,0.00045398290)  (0.0000000,1.8331092e-05)  (0.0000000,-0.00012057991)  (0.0000000,0.00011439155)  
(-0.0000000,-5.6572701e-06)  (0.038322370,0.0000000)  (0.0000000,-0.00032919703)  (0.0000000,-0.0023560544)  (0.0000000,0.00029422476)  (0.0000000,-0.00028819600)  (0.0000000,-8.6828298e-05)  (0.0000000,-1.0285508e-05)  (0.0000000,-2.7985430e-05)  (0.0000000,-3.1233068e-05)  (0.0000000,1.7105676e-05)  
(0.0000000,9.9343936e-06)  (0.0000000,0.00032919703)  (0.054494506,0.0000000)  (0.0000000,0.0030325862)  (0.0000000,-1.1513513e-05)  (0.0000000,-2.5406858e-05)  (0.0000000,1.0908286e-06)  (0.0000000,2.3461522e-05)  (0.0000000,0.00020762011)  (0.0000000,-7.6524466e-05)  (0.0000000,0.00050028970)  
(-0.0000000,-1.3664096e-05)  (0.0000000,0.0023560544)  (-0.0000000,-0.0030325862)  (0.054911249,0.0000000)  (0.0000000,4.6091758e-06)  (0.0000000,-7.8387515e-05)  (0.0000000,-5.5381503e-05)  (0.0000000,4.5265569e-05)  (0.0000000,-0.00024564270)  (0.0000000,-0.00015987735)  (0.0000000,-0.00010574898)  
(0.0000000,7.5634737e-05)  (-0.0000000,-0.00029422476)  (0.0000000,1.1513513e-05)  (-0.0000000,-4.6091758e-06)  (0.057469406,0.0000000)  (0.0000000,-0.0079806141)  (0.0000000,-0.011537008)  (0.0000000,-0.00047765049)  (0.0000000,-5.7089309e-05)  (0.0000000,0.00020489891)  (0.0000000,-0.00029195008)  
(0.0000000,3.5199490e-05)  (0.0000000,0.00028819600)  (0.0000000,2.5406858e-05)  (0.0000000,7.8387515e-05)  (0.0000000,0.0079806141)  (0.058956304,0.0000000)  (0.0000000,0.0078272148)  (0.0000000,-1.6689924e-05)  (0.0000000,9.6555701e-05)  (0.0000000,-0.00019855294)  (0.0000000,-0.0012889788)  
(-0.0000000,-3.0084899e-05)  (0.0000000,8.6828298e-05)  (-0.0000000,-1.0908286e-06)  (0.0000000,5.5381503e-05)  (0.0000000,0.011537008)  (-0.0000000,-0.0078272148)  (0.059434787,0.0000000)  (0.0000000,0.00013506878)  (0.0000000,-0.00060452262)  (0.0000000,-0.0012273698)  (0.0000000,0.00027465879)  
(-0.0000000,-0.00045398290)  (0.0000000,1.0285508e-05)  (-0.0000000,-2.3461522e-05)  (-0.0000000,-4.5265569e-05)  (0.0000000,0.00047765049)  (0.0000000,1.6689924e-05)  (-0.0000000,-0.00013506878)  (0.066340634,0.0000000)  (0.0000000,0.0011808533)  (0.0000000,0.0026021813)  (0.0000000,0.0012639375)  
(-0.0000000,-1.8331092e-05)  (0.0000000,2.7985430e-05)  (-0.0000000,-0.00020762011)  (0.0000000,0.00024564270)  (0.0000000,5.7089309e-05)  (-0.0000000,-9.6555701e-05)  (0.0000000,0.00060452262)  (-0.0000000,-0.0011808533)  (0.069822315,0.0000000)  (0.0000000,0.00049863106)  (0.0000000,0.00041728024)  
(0.0000000,0.00012057991)  (0.0000000,3.1233068e-05)  (0.0000000,7.6524466e-05)  (0.0000000,0.00015987735)  (-0.0000000,-0.00020489891)  (0.0000000,0.00019855294)  (0.0000000,0.0012273698)  (-0.0000000,-0.0026021813)  (-0.0000000,-0.00049863106)  (0.069918967,0.0000000)  (0.0000000,0.00024000955)  
(-0.0000000,-0.00011439155)  (-0.0000000,-1.7105676e-05)  (-0.0000000,-0.00050028970)  (0.0000000,0.00010574898)  (0.0000000,0.00029195008)  (0.0000000,0.0012889788)  (-0.0000000,-0.00027465879)  (-0.0000000,-0.0012639375)  (-0.0000000,-0.00041728024)  (-0.0000000,-0.00024000955)  (0.070764029,0.0000000)  
