(0.0000000,0.0000000)  (0.0000000,-0.00024644140)  (0.0000000,-2.1796442e-06)  (0.0000000,-6.1846663e-05)  (0.0000000,5.0185707e-05)  (0.0000000,-4.1096174e-05)  (0.0000000,0.00021630946)  (0.0000000,-1.3955887e-05)  (0.0000000,-2.6882590e-05)  (0.0000000,-0.00012217686)  (0.0000000,-0.00018533922)  
(0.0000000,0.00024644140)  (0.10345834,0.0000000)  (0.0000000,-0.00016308065)  (0.0000000,0.00081851885)  (0.0000000,0.0010173472)  (0.0000000,-0.00025514542)  (0.0000000,0.0020052968)  (0.0000000,-0.00025167099)  (0.0000000,0.00043301606)  (0.0000000,0.00047716874)  (0.0000000,0.00018222608)  
(0.0000000,2.1796442e-06)  (0.0000000,0.00016308065)  (0.11352394,0.0000000)  (0.0000000,0.0061643668)  (0.0000000,0.0060188046)  (0.0000000,0.00016841953)  (0.0000000,-0.00057230489)  (0.0000000,-0.00059537134)  (0.0000000,0.00030637002)  (0.0000000,-1.0094327e-05)  (0.0000000,0.00027018063)  
(0.0000000,6.1846663e-05)  (-0.0000000,-0.00081851885)  (-0.0000000,-0.0061643668)  (0.11854765,0.0000000)  (0.0000000,-0.0019341717)  (0.0000000,0.0015041539)  (0.0000000,-0.00051601814)  (0.0000000,0.00053423694)  (0.0000000,-0.0020072481)  (0.0000000,0.00066967962)  (0.0000000,0.0020236455)  
(-0.0000000,-5.0185707e-05)  (-0.0000000,-0.0010173472)  (-0.0000000,-0.0060188046)  (0.0000000,0.0019341717)  (0.12092022,0.0000000)  (0.0000000,0.0023018836)  (0.0000000,-0.0019108827)  (0.0000000,-0.00057121414)  (0.0000000,-0.00011633248)  (0.0000000,0.00076422797)  (0.0000000,0.0032098456)  
(0.0000000,4.1096174e-05)  (0.0000000,0.00025514542)  (-0.0000000,-0.00016841953)  (-0.0000000,-0.0015041539)  (-0.0000000,-0.0023018836)  (0.12523502,0.0000000)  (0.0000000,8.0748199e-06)  (0.0000000,0.0010734337)  (0.0000000,0.00094049860)  (0.0000000,-0.00013256916)  (0.0000000,-0.00040710121)  
(-0.0000000,-0.00021630946)  (-0.0000000,-0.0020052968)  (0.0000000,0.00057230489)  (0.0000000,0.00051601814)  (0.0000000,0.0019108827)  (-0.0000000,-8.0748199e-06)  (0.12936919,0.0000000)  (0.0000000,0.0013799203)  (0.0000000,-0.00016485509)  (0.0000000,0.0017189193)  (0.0000000,0.0013105634)  
(0.0000000,1.3955887e-05)  (0.0000000,0.00025167099)  (0.0000000,0.00059537134)  (-0.0000000,-0.00053423694)  (0.0000000,0.00057121414)  (-0.0000000,-0.0010734337)  (-0.0000000,-0.0013799203)  (0.13916082,0.0000000)  (0.0000000,-0.0082077432)  (0.0000000,-0.00014813907)  (0.0000000,8.7262393e-05)  
(0.0000000,2.6882590e-05)  (-0.0000000,-0.00043301606)  (-0.0000000,-0.00030637002)  (0.0000000,0.0020072481)  (0.0000000,0.00011633248)  (-0.0000000,-0.00094049860)  (0.0000000,0.00016485509)  (0.0000000,0.0082077432)  (0.13964242,0.0000000)  (0.0000000,-0.00040369815)  (0.0000000,-0.00066236901)  
(0.0000000,0.00012217686)  (-0.0000000,-0.00047716874)  (0.0000000,1.0094327e-05)  (-0.0000000,-0.00066967962)  (-0.0000000,-0.00076422797)  (0.0000000,0.00013256916)  (-0.0000000,-0.0017189193)  (0.0000000,0.00014813907)  (0.0000000,0.00040369815)  (0.14076329,0.0000000)  (0.0000000,-0.0031530454)  
(0.0000000,0.00018533922)  (-0.0000000,-0.00018222608)  (-0.0000000,-0.00027018063)  (-0.0000000,-0.0020236455)  (-0.0000000,-0.0032098456)  (0.0000000,0.00040710121)  (-0.0000000,-0.0013105634)  (-0.0000000,-8.7262393e-05)  (0.0000000,0.00066236901)  (0.0000000,0.0031530454)  (0.14544780,0.0000000)  
