(0.0000000,0.0000000)  (0.0000000,-0.00013450582)  (0.0000000,-7.2495928e-06)  (0.0000000,-0.00010908606)  (0.0000000,0.00016297216)  (0.0000000,6.5561478e-05)  (0.0000000,0.00017174292)  (0.0000000,4.9426484e-05)  (0.0000000,-4.7013635e-05)  (0.0000000,2.1043670e-05)  (0.0000000,-0.00017904302)  
(0.0000000,0.00013450582)  (0.10848811,0.0000000)  (0.0000000,0.00011171092)  (0.0000000,-0.0029389020)  (0.0000000,0.0053620431)  (0.0000000,0.00015423217)  (0.0000000,0.0012556440)  (0.0000000,3.7550247e-05)  (0.0000000,-0.00019306053)  (0.0000000,-4.8175956e-05)  (0.0000000,3.1475279e-05)  
(0.0000000,7.2495928e-06)  (-0.0000000,-0.00011171092)  (0.11772280,0.0000000)  (0.0000000,-0.00046404379)  (0.0000000,0.00064990075)  (0.0000000,0.00023107513)  (0.0000000,0.00050228447)  (0.0000000,-3.0682914e-05)  (0.0000000,4.9426164e-05)  (0.0000000,-0.00017090398)  (0.0000000,0.00018639750)  
(0.0000000,0.00010908606)  (0.0000000,0.0029389020)  (0.0000000,0.00046404379)  (0.12324170,0.0000000)  (0.0000000,-0.00039408889)  (0.0000000,-6.1214291e-05)  (0.0000000,-0.0011854774)  (0.0000000,-0.0010409793)  (0.0000000,0.00099858393)  (0.0000000,-0.00022854234)  (0.0000000,-0.00071755419)  
(-0.0000000,-0.00016297216)  (-0.0000000,-0.0053620431)  (-0.0000000,-0.00064990075)  (0.0000000,0.00039408889)  (0.12622487,0.0000000)  (0.0000000,0.00034871857)  (0.0000000,0.0026574549)  (0.0000000,0.0011123483)  (0.0000000,0.00091350741)  (0.0000000,-0.00018875097)  (0.0000000,-1.1971314e-06)  
(-0.0000000,-6.5561478e-05)  (-0.0000000,-0.00015423217)  (-0.0000000,-0.00023107513)  (0.0000000,6.1214291e-05)  (-0.0000000,-0.00034871857)  (0.13268090,0.0000000)  (0.0000000,0.00039853765)  (0.0000000,0.0036725174)  (0.0000000,-0.00079413978)  (0.0000000,-0.00052908591)  (0.0000000,0.00037722502)  
(-0.0000000,-0.00017174292)  (-0.0000000,-0.0012556440)  (-0.0000000,-0.00050228447)  (0.0000000,0.0011854774)  (-0.0000000,-0.0026574549)  (-0.0000000,-0.00039853765)  (0.13701591,0.0000000)  (0.0000000,0.00026105037)  (0.0000000,-0.0024898003)  (0.0000000,6.9813149e-07)  (0.0000000,0.0014154697)  
(-0.0000000,-4.9426484e-05)  (-0.0000000,-3.7550247e-05)  (0.0000000,3.0682914e-05)  (0.0000000,0.0010409793)  (-0.0000000,-0.0011123483)  (-0.0000000,-0.0036725174)  (-0.0000000,-0.00026105037)  (0.14302396,0.0000000)  (0.0000000,1.4186444e-05)  (0.0000000,0.0013411994)  (0.0000000,-0.0013746217)  
(0.0000000,4.7013635e-05)  (0.0000000,0.00019306053)  (-0.0000000,-4.9426164e-05)  (-0.0000000,-0.00099858393)  (-0.0000000,-0.00091350741)  (0.0000000,0.00079413978)  (0.0000000,0.0024898003)  (-0.0000000,-1.4186444e-05)  (0.14396733,0.0000000)  (0.0000000,-0.00019572451)  (0.0000000,-0.0023659101)  
(-0.0000000,-2.1043670e-05)  (0.0000000,4.8175956e-05)  (0.0000000,0.00017090398)  (0.0000000,0.00022854234)  (0.0000000,0.00018875097)  (0.0000000,0.00052908591)  (-0.0000000,-6.9813149e-07)  (-0.0000000,-0.0013411994)  (0.0000000,0.00019572451)  (0.14547040,0.0000000)  (0.0000000,0.00011533984)  
(0.0000000,0.00017904302)  (-0.0000000,-3.1475279e-05)  (-0.0000000,-0.00018639750)  (0.0000000,0.00071755419)  (0.0000000,1.1971314e-06)  (-0.0000000,-0.00037722502)  (-0.0000000,-0.0014154697)  (0.0000000,0.0013746217)  (0.0000000,0.0023659101)  (-0.0000000,-0.00011533984)  (0.15000551,0.0000000)  
