(0.0000000,0.0000000)  (0.0000000,-5.6408643e-05)  (0.0000000,-0.00047184201)  (0.0000000,1.7948890e-05)  (0.0000000,-0.00021934324)  (0.0000000,-8.4819276e-05)  (0.0000000,0.00051662487)  (0.0000000,-0.00026380502)  (0.0000000,-0.00018470937)  (0.0000000,4.5145003e-05)  (0.0000000,-0.00033054300)  
(0.0000000,5.6408643e-05)  (0.087442578,0.0000000)  (0.0000000,-0.00067045042)  (0.0000000,0.00056858801)  (0.0000000,-0.0017433403)  (0.0000000,0.0014913871)  (0.0000000,-9.7940782e-05)  (0.0000000,-0.00061767697)  (0.0000000,0.00022064812)  (0.0000000,0.00017540473)  (0.0000000,0.00035009534)  
(0.0000000,0.00047184201)  (0.0000000,0.00067045042)  (0.090598655,0.0000000)  (0.0000000,-0.00026811650)  (0.0000000,0.0048231544)  (0.0000000,8.8984807e-05)  (0.0000000,-0.0049144856)  (0.0000000,-3.8636676e-05)  (0.0000000,-0.00012381312)  (0.0000000,-0.00012752467)  (0.0000000,-0.00017669790)  
(-0.0000000,-1.7948890e-05)  (-0.0000000,-0.00056858801)  (0.0000000,0.00026811650)  (0.092255705,0.0000000)  (0.0000000,0.00077983865)  (0.0000000,-0.0026687279)  (0.0000000,0.00012610512)  (0.0000000,0.00069222653)  (0.0000000,-0.00059415067)  (0.0000000,0.00033397424)  (0.0000000,-7.9866490e-05)  
(0.0000000,0.00021934324)  (0.0000000,0.0017433403)  (-0.0000000,-0.0048231544)  (-0.0000000,-0.00077983865)  (0.093636581,0.0000000)  (0.0000000,0.017391645)  (0.0000000,0.0014577061)  (0.0000000,0.00062834139)  (0.0000000,0.00034955137)  (0.0000000,-0.00048534892)  (0.0000000,0.00027240223)  
(0.0000000,8.4819276e-05)  (-0.0000000,-0.0014913871)  (-0.0000000,-8.8984807e-05)  (0.0000000,0.0026687279)  (-0.0000000,-0.017391645)  (0.094472823,0.0000000)  (0.0000000,-0.0010525779)  (0.0000000,0.0017825195)  (0.0000000,0.00074937852)  (0.0000000,-0.0011805250)  (0.0000000,0.00030864312)  
(-0.0000000,-0.00051662487)  (0.0000000,9.7940782e-05)  (0.0000000,0.0049144856)  (-0.0000000,-0.00012610512)  (-0.0000000,-0.0014577061)  (0.0000000,0.0010525779)  (0.099249017,0.0000000)  (0.0000000,0.0015879958)  (0.0000000,0.0011110391)  (0.0000000,-0.0017119643)  (0.0000000,0.00025467478)  
(0.0000000,0.00026380502)  (0.0000000,0.00061767697)  (0.0000000,3.8636676e-05)  (-0.0000000,-0.00069222653)  (-0.0000000,-0.00062834139)  (-0.0000000,-0.0017825195)  (-0.0000000,-0.0015879958)  (0.11643563,0.0000000)  (0.0000000,0.0035408491)  (0.0000000,-0.0031699461)  (0.0000000,-0.0027359942)  
(0.0000000,0.00018470937)  (-0.0000000,-0.00022064812)  (0.0000000,0.00012381312)  (0.0000000,0.00059415067)  (-0.0000000,-0.00034955137)  (-0.0000000,-0.00074937852)  (-0.0000000,-0.0011110391)  (-0.0000000,-0.0035408491)  (0.11690346,0.0000000)  (0.0000000,0.0014747869)  (0.0000000,-0.0076472935)  
(-0.0000000,-4.5145003e-05)  (-0.0000000,-0.00017540473)  (0.0000000,0.00012752467)  (-0.0000000,-0.00033397424)  (0.0000000,0.00048534892)  (0.0000000,0.0011805250)  (0.0000000,0.0017119643)  (0.0000000,0.0031699461)  (-0.0000000,-0.0014747869)  (0.11760593,0.0000000)  (0.0000000,-0.015437913)  
(0.0000000,0.00033054300)  (-0.0000000,-0.00035009534)  (0.0000000,0.00017669790)  (0.0000000,7.9866490e-05)  (-0.0000000,-0.00027240223)  (-0.0000000,-0.00030864312)  (-0.0000000,-0.00025467478)  (0.0000000,0.0027359942)  (0.0000000,0.0076472935)  (0.0000000,0.015437913)  (0.11931406,0.0000000)  
