(0.0000000,0.0000000)  (0.0000000,1.6433441e-05)  (0.0000000,3.1585680e-06)  (0.0000000,1.2787402e-05)  (0.0000000,0.00027554714)  (0.0000000,-0.00010131852)  (0.0000000,0.00030940248)  (0.0000000,-7.8408889e-05)  (0.0000000,-2.1880288e-05)  (0.0000000,1.5339640e-08)  (0.0000000,5.6702382e-06)  
(-0.0000000,-1.6433441e-05)  (0.065335159,0.0000000)  (0.0000000,-0.00076779479)  (0.0000000,0.00018581497)  (0.0000000,0.0026259134)  (0.0000000,-0.00023832371)  (0.0000000,1.1519578e-05)  (0.0000000,0.0026904403)  (0.0000000,2.2552263e-07)  (0.0000000,7.0050692e-06)  (0.0000000,-1.1792420e-05)  
(-0.0000000,-3.1585680e-06)  (0.0000000,0.00076779479)  (0.071668810,0.0000000)  (0.0000000,-1.1795970e-05)  (0.0000000,-5.1091205e-05)  (0.0000000,0.00045912657)  (0.0000000,0.00055030992)  (0.0000000,0.00018698368)  (0.0000000,0.00037897746)  (0.0000000,-2.7669089e-05)  (0.0000000,3.9896916e-05)  
(-0.0000000,-1.2787402e-05)  (-0.0000000,-0.00018581497)  (0.0000000,1.1795970e-05)  (0.075144978,0.0000000)  (0.0000000,-0.00099466264)  (0.0000000,0.00064703912)  (0.0000000,-0.00054059357)  (0.0000000,1.8660882e-05)  (0.0000000,-0.00062082336)  (0.0000000,-0.0040390613)  (0.0000000,-0.00011943835)  
(-0.0000000,-0.00027554714)  (-0.0000000,-0.0026259134)  (0.0000000,5.1091205e-05)  (0.0000000,0.00099466264)  (0.078145787,0.0000000)  (0.0000000,0.011577362)  (0.0000000,-3.0872183e-05)  (0.0000000,0.010933470)  (0.0000000,-0.00035348671)  (0.0000000,0.00048136405)  (0.0000000,0.00079932850)  
(0.0000000,0.00010131852)  (0.0000000,0.00023832371)  (-0.0000000,-0.00045912657)  (-0.0000000,-0.00064703912)  (-0.0000000,-0.011577362)  (0.078914961,0.0000000)  (0.0000000,-0.011070880)  (0.0000000,0.0010207062)  (0.0000000,-0.00028013442)  (0.0000000,0.00028368506)  (0.0000000,-0.00075156887)  
(-0.0000000,-0.00030940248)  (-0.0000000,-1.1519578e-05)  (-0.0000000,-0.00055030992)  (0.0000000,0.00054059357)  (0.0000000,3.0872183e-05)  (0.0000000,0.011070880)  (0.080127154,0.0000000)  (0.0000000,-0.011547485)  (0.0000000,-0.00039302774)  (0.0000000,-2.8767189e-05)  (0.0000000,0.00014466136)  
(0.0000000,7.8408889e-05)  (-0.0000000,-0.0026904403)  (-0.0000000,-0.00018698368)  (-0.0000000,-1.8660882e-05)  (-0.0000000,-0.010933470)  (-0.0000000,-0.0010207062)  (0.0000000,0.011547485)  (0.081519422,0.0000000)  (0.0000000,-0.00040779294)  (0.0000000,0.00011287488)  (0.0000000,-0.00015215611)  
(0.0000000,2.1880288e-05)  (-0.0000000,-2.2552263e-07)  (-0.0000000,-0.00037897746)  (0.0000000,0.00062082336)  (0.0000000,0.00035348671)  (0.0000000,0.00028013442)  (0.0000000,0.00039302774)  (0.0000000,0.00040779294)  (0.088882437,0.0000000)  (0.0000000,-0.00012832334)  (0.0000000,-0.00074646947)  
(-0.0000000,-1.5339640e-08)  (-0.0000000,-7.0050692e-06)  (0.0000000,2.7669089e-05)  (0.0000000,0.0040390613)  (-0.0000000,-0.00048136405)  (-0.0000000,-0.00028368506)  (0.0000000,2.8767189e-05)  (-0.0000000,-0.00011287488)  (0.0000000,0.00012832334)  (0.090100143,0.0000000)  (0.0000000,0.0028587511)  
(-0.0000000,-5.6702382e-06)  (0.0000000,1.1792420e-05)  (-0.0000000,-3.9896916e-05)  (0.0000000,0.00011943835)  (-0.0000000,-0.00079932850)  (0.0000000,0.00075156887)  (-0.0000000,-0.00014466136)  (0.0000000,0.00015215611)  (0.0000000,0.00074646947)  (-0.0000000,-0.0028587511)  (0.092682371,0.0000000)  
