(0.0000000,0.0000000)  (0.0000000,-0.00037465886)  (0.0000000,2.2326341e-05)  (0.0000000,-1.4571871e-06)  (0.0000000,-6.8549387e-05)  (0.0000000,-0.00017032118)  (0.0000000,0.00020059629)  (0.0000000,-3.6081630e-05)  (0.0000000,-5.8598440e-05)  (0.0000000,-0.00017304107)  (0.0000000,-3.1564057e-05)  
(0.0000000,0.00037465886)  (0.098966411,0.0000000)  (0.0000000,7.1005301e-05)  (0.0000000,-0.00038019387)  (0.0000000,-0.0031073410)  (0.0000000,-0.0014865019)  (0.0000000,0.0022095940)  (0.0000000,7.0304231e-05)  (0.0000000,-0.00013671638)  (0.0000000,0.00028620308)  (0.0000000,6.3859300e-05)  
(-0.0000000,-2.2326341e-05)  (-0.0000000,-7.1005301e-05)  (0.10918875,0.0000000)  (0.0000000,0.0036996830)  (0.0000000,-0.00043777466)  (0.0000000,0.00028097695)  (0.0000000,0.00091044133)  (0.0000000,-0.00066389443)  (0.0000000,-0.00026801544)  (0.0000000,-8.6759270e-05)  (0.0000000,0.00080543886)  
(0.0000000,1.4571871e-06)  (0.0000000,0.00038019387)  (-0.0000000,-0.0036996830)  (0.11346643,0.0000000)  (0.0000000,0.00017754647)  (0.0000000,-0.00056369486)  (0.0000000,-0.00083509195)  (0.0000000,0.0011319531)  (0.0000000,-0.0012461997)  (0.0000000,-0.00025116516)  (0.0000000,-0.00042889992)  
(0.0000000,6.8549387e-05)  (0.0000000,0.0031073410)  (0.0000000,0.00043777466)  (-0.0000000,-0.00017754647)  (0.11578571,0.0000000)  (0.0000000,-0.0047237529)  (0.0000000,-0.0046595763)  (0.0000000,7.7107118e-05)  (0.0000000,-0.00019188186)  (0.0000000,-0.00030858761)  (0.0000000,-0.00077300484)  
(0.0000000,0.00017032118)  (0.0000000,0.0014865019)  (-0.0000000,-0.00028097695)  (0.0000000,0.00056369486)  (0.0000000,0.0047237529)  (0.11787108,0.0000000)  (0.0000000,0.0054639537)  (0.0000000,2.9747338e-05)  (0.0000000,-0.00019073879)  (0.0000000,-0.00015256847)  (0.0000000,-0.00022343178)  
(-0.0000000,-0.00020059629)  (-0.0000000,-0.0022095940)  (-0.0000000,-0.00091044133)  (0.0000000,0.00083509195)  (0.0000000,0.0046595763)  (-0.0000000,-0.0054639537)  (0.12208390,0.0000000)  (0.0000000,-0.00098730162)  (0.0000000,0.00037292676)  (0.0000000,0.00017405279)  (0.0000000,0.0012212715)  
(0.0000000,3.6081630e-05)  (-0.0000000,-7.0304231e-05)  (0.0000000,0.00066389443)  (-0.0000000,-0.0011319531)  (-0.0000000,-7.7107118e-05)  (-0.0000000,-2.9747338e-05)  (0.0000000,0.00098730162)  (0.13474679,0.0000000)  (0.0000000,0.0023895267)  (0.0000000,0.00019698972)  (0.0000000,-0.00060005910)  
(0.0000000,5.8598440e-05)  (0.0000000,0.00013671638)  (0.0000000,0.00026801544)  (0.0000000,0.0012461997)  (0.0000000,0.00019188186)  (0.0000000,0.00019073879)  (-0.0000000,-0.00037292676)  (-0.0000000,-0.0023895267)  (0.13536180,0.0000000)  (0.0000000,-0.00023682372)  (0.0000000,-0.00075451503)  
(0.0000000,0.00017304107)  (-0.0000000,-0.00028620308)  (0.0000000,8.6759270e-05)  (0.0000000,0.00025116516)  (0.0000000,0.00030858761)  (0.0000000,0.00015256847)  (-0.0000000,-0.00017405279)  (-0.0000000,-0.00019698972)  (0.0000000,0.00023682372)  (0.13601044,0.0000000)  (0.0000000,-0.0031005723)  
(0.0000000,3.1564057e-05)  (-0.0000000,-6.3859300e-05)  (-0.0000000,-0.00080543886)  (0.0000000,0.00042889992)  (0.0000000,0.00077300484)  (0.0000000,0.00022343178)  (-0.0000000,-0.0012212715)  (0.0000000,0.00060005910)  (0.0000000,0.00075451503)  (0.0000000,0.0031005723)  (0.14064128,0.0000000)  
