(0.0000000,0.0000000)  (0.0000000,4.8455143e-06)  (0.0000000,0.00028609593)  (0.0000000,-8.2124431e-05)  (0.0000000,3.9284263e-05)  (0.0000000,0.00014789062)  (0.0000000,0.00027249528)  (0.0000000,-5.4675843e-05)  (0.0000000,-5.7060443e-05)  (0.0000000,-8.8963153e-06)  (0.0000000,8.6351725e-06)  
(-0.0000000,-4.8455143e-06)  (0.050601779,0.0000000)  (0.0000000,2.1499728e-05)  (0.0000000,1.7183431e-06)  (0.0000000,3.8038486e-05)  (0.0000000,-1.7406489e-05)  (0.0000000,4.7358987e-05)  (0.0000000,-3.1543104e-05)  (0.0000000,9.2459801e-06)  (0.0000000,-8.5147213e-06)  (0.0000000,2.5441452e-05)  
(-0.0000000,-0.00028609593)  (-0.0000000,-2.1499728e-05)  (0.061794495,0.0000000)  (0.0000000,0.00034286167)  (0.0000000,-1.3953269e-05)  (0.0000000,6.9162588e-05)  (0.0000000,-1.9050499e-05)  (0.0000000,-3.9643402e-05)  (0.0000000,-4.5633755e-05)  (0.0000000,1.5021418e-05)  (0.0000000,-0.00011721690)  
(0.0000000,8.2124431e-05)  (-0.0000000,-1.7183431e-06)  (-0.0000000,-0.00034286167)  (0.064248649,0.0000000)  (0.0000000,2.5051896e-05)  (0.0000000,-9.9944421e-06)  (0.0000000,-9.8529629e-05)  (0.0000000,0.0010094646)  (0.0000000,-2.8408095e-05)  (0.0000000,0.00047089500)  (0.0000000,-6.2948866e-05)  
(-0.0000000,-3.9284263e-05)  (-0.0000000,-3.8038486e-05)  (0.0000000,1.3953269e-05)  (-0.0000000,-2.5051896e-05)  (0.066966668,0.0000000)  (0.0000000,-0.0015697102)  (0.0000000,3.3810683e-05)  (0.0000000,0.00013077966)  (0.0000000,0.00047340451)  (0.0000000,-0.00078412649)  (0.0000000,0.0014024045)  
(-0.0000000,-0.00014789062)  (0.0000000,1.7406489e-05)  (-0.0000000,-6.9162588e-05)  (0.0000000,9.9944421e-06)  (0.0000000,0.0015697102)  (0.069162471,0.0000000)  (0.0000000,0.0011730411)  (0.0000000,-0.0014101269)  (0.0000000,0.00070549917)  (0.0000000,0.00017904243)  (0.0000000,-0.00033213469)  
(-0.0000000,-0.00027249528)  (-0.0000000,-4.7358987e-05)  (0.0000000,1.9050499e-05)  (0.0000000,9.8529629e-05)  (-0.0000000,-3.3810683e-05)  (-0.0000000,-0.0011730411)  (0.073369961,0.0000000)  (0.0000000,0.0048384116)  (0.0000000,-0.0087743192)  (0.0000000,-0.0021581793)  (0.0000000,0.010311979)  
(0.0000000,5.4675843e-05)  (0.0000000,3.1543104e-05)  (0.0000000,3.9643402e-05)  (-0.0000000,-0.0010094646)  (-0.0000000,-0.00013077966)  (0.0000000,0.0014101269)  (-0.0000000,-0.0048384116)  (0.074821028,0.0000000)  (0.0000000,0.0083944509)  (0.0000000,-0.0068314094)  (0.0000000,0.0015586315)  
(0.0000000,5.7060443e-05)  (-0.0000000,-9.2459801e-06)  (0.0000000,4.5633755e-05)  (0.0000000,2.8408095e-05)  (-0.0000000,-0.00047340451)  (-0.0000000,-0.00070549917)  (0.0000000,0.0087743192)  (-0.0000000,-0.0083944509)  (0.076006211,0.0000000)  (0.0000000,-0.00031507372)  (0.0000000,9.3311424e-05)  
(0.0000000,8.8963153e-06)  (0.0000000,8.5147213e-06)  (-0.0000000,-1.5021418e-05)  (-0.0000000,-0.00047089500)  (0.0000000,0.00078412649)  (-0.0000000,-0.00017904243)  (0.0000000,0.0021581793)  (0.0000000,0.0068314094)  (0.0000000,0.00031507372)  (0.076842637,0.0000000)  (0.0000000,0.0056589013)  
(-0.0000000,-8.6351725e-06)  (-0.0000000,-2.5441452e-05)  (0.0000000,0.00011721690)  (0.0000000,6.2948866e-05)  (-0.0000000,-0.0014024045)  (0.0000000,0.00033213469)  (-0.0000000,-0.010311979)  (-0.0000000,-0.0015586315)  (-0.0000000,-9.3311424e-05)  (-0.0000000,-0.0056589013)  (0.077125795,0.0000000)  
