(0.0000000,0.0000000)  (0.0000000,3.4739301e-05)  (0.0000000,0.00030498767)  (0.0000000,-6.7053132e-05)  (0.0000000,-2.4317983e-05)  (0.0000000,3.2325511e-05)  (0.0000000,0.00014106439)  (0.0000000,2.3581201e-05)  (0.0000000,0.00048970047)  (0.0000000,-5.7686009e-05)  (0.0000000,-2.1737258e-06)  
(-0.0000000,-3.4739301e-05)  (0.055470949,0.0000000)  (0.0000000,-6.7692519e-05)  (0.0000000,-0.0098586714)  (0.0000000,-0.0013852969)  (0.0000000,4.7209530e-05)  (0.0000000,-1.0621115e-05)  (0.0000000,4.0244945e-05)  (0.0000000,-1.6231308e-05)  (0.0000000,-2.1131118e-05)  (0.0000000,-1.1413214e-05)  
(-0.0000000,-0.00030498767)  (0.0000000,6.7692519e-05)  (0.064879644,0.0000000)  (0.0000000,0.00023736479)  (0.0000000,3.6295922e-05)  (0.0000000,-8.9618734e-05)  (0.0000000,-3.9186640e-05)  (0.0000000,-9.2505492e-05)  (0.0000000,-0.00011930333)  (0.0000000,1.3762206e-05)  (0.0000000,-3.4713245e-05)  
(0.0000000,6.7053132e-05)  (0.0000000,0.0098586714)  (-0.0000000,-0.00023736479)  (0.068658814,0.0000000)  (0.0000000,0.00032836909)  (0.0000000,0.00039006933)  (0.0000000,5.7995732e-05)  (0.0000000,0.00045314334)  (0.0000000,0.00020587489)  (0.0000000,-6.0245769e-05)  (0.0000000,-0.00011587553)  
(0.0000000,2.4317983e-05)  (0.0000000,0.0013852969)  (-0.0000000,-3.6295922e-05)  (-0.0000000,-0.00032836909)  (0.069900408,0.0000000)  (0.0000000,-0.0027181634)  (0.0000000,0.00012970063)  (0.0000000,-8.3740366e-05)  (0.0000000,0.00010509791)  (0.0000000,0.00053305844)  (0.0000000,9.5814947e-05)  
(-0.0000000,-3.2325511e-05)  (-0.0000000,-4.7209530e-05)  (0.0000000,8.9618734e-05)  (-0.0000000,-0.00039006933)  (0.0000000,0.0027181634)  (0.072496784,0.0000000)  (0.0000000,-0.0012402001)  (0.0000000,3.6207526e-05)  (0.0000000,-0.0044315649)  (0.0000000,0.00041596306)  (0.0000000,4.2630564e-05)  
(-0.0000000,-0.00014106439)  (0.0000000,1.0621115e-05)  (0.0000000,3.9186640e-05)  (-0.0000000,-5.7995732e-05)  (-0.0000000,-0.00012970063)  (0.0000000,0.0012402001)  (0.075748043,0.0000000)  (0.0000000,5.7973183e-05)  (0.0000000,0.00031614939)  (0.0000000,0.00065118842)  (0.0000000,-1.4205068e-05)  
(-0.0000000,-2.3581201e-05)  (-0.0000000,-4.0244945e-05)  (0.0000000,9.2505492e-05)  (-0.0000000,-0.00045314334)  (0.0000000,8.3740366e-05)  (-0.0000000,-3.6207526e-05)  (-0.0000000,-5.7973183e-05)  (0.077764323,0.0000000)  (0.0000000,-0.00010723629)  (0.0000000,-0.0011829581)  (0.0000000,-0.00027506710)  
(-0.0000000,-0.00048970047)  (0.0000000,1.6231308e-05)  (0.0000000,0.00011930333)  (-0.0000000,-0.00020587489)  (-0.0000000,-0.00010509791)  (0.0000000,0.0044315649)  (-0.0000000,-0.00031614939)  (0.0000000,0.00010723629)  (0.079750101,0.0000000)  (0.0000000,-0.00039957910)  (0.0000000,-0.00036291914)  
(0.0000000,5.7686009e-05)  (0.0000000,2.1131118e-05)  (-0.0000000,-1.3762206e-05)  (0.0000000,6.0245769e-05)  (-0.0000000,-0.00053305844)  (-0.0000000,-0.00041596306)  (-0.0000000,-0.00065118842)  (0.0000000,0.0011829581)  (0.0000000,0.00039957910)  (0.080620705,0.0000000)  (0.0000000,-0.00032573208)  
(0.0000000,2.1737258e-06)  (0.0000000,1.1413214e-05)  (0.0000000,3.4713245e-05)  (0.0000000,0.00011587553)  (-0.0000000,-9.5814947e-05)  (-0.0000000,-4.2630564e-05)  (0.0000000,1.4205068e-05)  (0.0000000,0.00027506710)  (0.0000000,0.00036291914)  (0.0000000,0.00032573208)  (0.082132593,0.0000000)  
