(0.0000000,0.0000000)  (0.0000000,4.4182001e-05)  (0.0000000,2.8463449e-06)  (0.0000000,-7.0077405e-05)  (0.0000000,1.2603400e-06)  (0.0000000,-1.9601015e-05)  (0.0000000,8.2044055e-05)  (0.0000000,-2.0485398e-05)  (0.0000000,6.8362013e-05)  (0.0000000,-3.5470728e-05)  (0.0000000,0.00013242576)  
(-0.0000000,-4.4182001e-05)  (0.060418581,0.0000000)  (0.0000000,7.7034807e-06)  (0.0000000,-0.0011844247)  (0.0000000,0.00093159086)  (0.0000000,-0.00010417560)  (0.0000000,-1.7177519e-05)  (0.0000000,-1.6201907e-06)  (0.0000000,-2.2625616e-05)  (0.0000000,-2.5756242e-05)  (0.0000000,-7.2810180e-05)  
(-0.0000000,-2.8463449e-06)  (-0.0000000,-7.7034807e-06)  (0.068159568,0.0000000)  (0.0000000,-4.0909166e-05)  (0.0000000,-7.7985880e-05)  (0.0000000,5.6913618e-05)  (0.0000000,4.8162090e-05)  (0.0000000,9.4115525e-05)  (0.0000000,0.00015590964)  (0.0000000,-2.1412571e-05)  (0.0000000,5.3919881e-05)  
(0.0000000,7.0077405e-05)  (0.0000000,0.0011844247)  (0.0000000,4.0909166e-05)  (0.072437433,0.0000000)  (0.0000000,0.022438657)  (0.0000000,-0.00092103704)  (0.0000000,-0.00022320332)  (0.0000000,-1.2322714e-05)  (0.0000000,-0.00015444289)  (0.0000000,0.0012277265)  (0.0000000,5.5010439e-05)  
(-0.0000000,-1.2603400e-06)  (-0.0000000,-0.00093159086)  (0.0000000,7.7985880e-05)  (-0.0000000,-0.022438657)  (0.073921025,0.0000000)  (0.0000000,-0.0014108611)  (0.0000000,0.00015867897)  (0.0000000,3.0201823e-06)  (0.0000000,9.3013600e-05)  (0.0000000,0.0012500468)  (0.0000000,-0.00015893118)  
(0.0000000,1.9601015e-05)  (0.0000000,0.00010417560)  (-0.0000000,-5.6913618e-05)  (0.0000000,0.00092103704)  (0.0000000,0.0014108611)  (0.075534343,0.0000000)  (0.0000000,-0.0013201231)  (0.0000000,0.00033429132)  (0.0000000,-0.0035289179)  (0.0000000,0.00050385644)  (0.0000000,-0.0013711828)  
(-0.0000000,-8.2044055e-05)  (0.0000000,1.7177519e-05)  (-0.0000000,-4.8162090e-05)  (0.0000000,0.00022320332)  (-0.0000000,-0.00015867897)  (0.0000000,0.0013201231)  (0.077652971,0.0000000)  (0.0000000,-0.0022978660)  (0.0000000,0.0074469088)  (0.0000000,-0.00093649363)  (0.0000000,6.2935888e-05)  
(0.0000000,2.0485398e-05)  (0.0000000,1.6201907e-06)  (-0.0000000,-9.4115525e-05)  (0.0000000,1.2322714e-05)  (-0.0000000,-3.0201823e-06)  (-0.0000000,-0.00033429132)  (0.0000000,0.0022978660)  (0.079386278,0.0000000)  (0.0000000,-0.00018380859)  (0.0000000,1.6960533e-05)  (0.0000000,0.00025322283)  
(-0.0000000,-6.8362013e-05)  (0.0000000,2.2625616e-05)  (-0.0000000,-0.00015590964)  (0.0000000,0.00015444289)  (-0.0000000,-9.3013600e-05)  (0.0000000,0.0035289179)  (-0.0000000,-0.0074469088)  (0.0000000,0.00018380859)  (0.084087869,0.0000000)  (0.0000000,0.00010333659)  (0.0000000,0.0011712339)  
(0.0000000,3.5470728e-05)  (0.0000000,2.5756242e-05)  (0.0000000,2.1412571e-05)  (-0.0000000,-0.0012277265)  (-0.0000000,-0.0012500468)  (-0.0000000,-0.00050385644)  (0.0000000,0.00093649363)  (-0.0000000,-1.6960533e-05)  (-0.0000000,-0.00010333659)  (0.085038771,0.0000000)  (0.0000000,6.1131444e-05)  
(-0.0000000,-0.00013242576)  (0.0000000,7.2810180e-05)  (-0.0000000,-5.3919881e-05)  (-0.0000000,-5.5010439e-05)  (0.0000000,0.00015893118)  (0.0000000,0.0013711828)  (-0.0000000,-6.2935888e-05)  (-0.0000000,-0.00025322283)  (-0.0000000,-0.0011712339)  (-0.0000000,-6.1131444e-05)  (0.087783249,0.0000000)  
