(0.0000000,0.0000000)  (0.0000000,6.1942013e-06)  (0.0000000,3.1485341e-05)  (0.0000000,-0.00034708559)  (0.0000000,-3.5004868e-05)  (0.0000000,-9.4432239e-05)  (0.0000000,-0.00079500267)  (0.0000000,-0.00016317552)  (0.0000000,-1.2401022e-05)  (0.0000000,7.4882378e-05)  (0.0000000,0.00015039443)  
(-0.0000000,-6.1942013e-06)  (0.074856492,0.0000000)  (0.0000000,1.2639587e-05)  (0.0000000,-0.0035404357)  (0.0000000,0.00023635148)  (0.0000000,-0.00023234078)  (0.0000000,0.00016396763)  (0.0000000,0.0013692661)  (0.0000000,0.00027984989)  (0.0000000,0.00019969386)  (0.0000000,0.00023330260)  
(-0.0000000,-3.1485341e-05)  (-0.0000000,-1.2639587e-05)  (0.079441402,0.0000000)  (0.0000000,0.00012429623)  (0.0000000,-0.00069841177)  (0.0000000,0.0018437848)  (0.0000000,1.1807911e-05)  (0.0000000,1.4526519e-05)  (0.0000000,-0.00040203710)  (0.0000000,0.00014305384)  (0.0000000,-3.4768639e-05)  
(0.0000000,0.00034708559)  (0.0000000,0.0035404357)  (-0.0000000,-0.00012429623)  (0.080625115,0.0000000)  (0.0000000,-0.0013302872)  (0.0000000,-0.00038028809)  (0.0000000,-0.0032573652)  (0.0000000,0.00042497727)  (0.0000000,-8.0074092e-05)  (0.0000000,-4.8858044e-05)  (0.0000000,0.00017537195)  
(0.0000000,3.5004868e-05)  (-0.0000000,-0.00023635148)  (0.0000000,0.00069841177)  (0.0000000,0.0013302872)  (0.083176840,0.0000000)  (0.0000000,0.00021163467)  (0.0000000,-0.00013638761)  (0.0000000,0.00042256659)  (0.0000000,-0.0015542232)  (0.0000000,-0.00026625290)  (0.0000000,-7.9096298e-05)  
(0.0000000,9.4432239e-05)  (0.0000000,0.00023234078)  (-0.0000000,-0.0018437848)  (0.0000000,0.00038028809)  (-0.0000000,-0.00021163467)  (0.084099996,0.0000000)  (0.0000000,-2.0969890e-05)  (0.0000000,-0.00086678593)  (0.0000000,0.0033152535)  (0.0000000,7.8894415e-05)  (0.0000000,-0.00065677093)  
(0.0000000,0.00079500267)  (-0.0000000,-0.00016396763)  (-0.0000000,-1.1807911e-05)  (0.0000000,0.0032573652)  (0.0000000,0.00013638761)  (0.0000000,2.0969890e-05)  (0.085432362,0.0000000)  (0.0000000,-0.00012522784)  (0.0000000,-0.00012397405)  (0.0000000,0.00016606032)  (0.0000000,0.00031981832)  
(0.0000000,0.00016317552)  (-0.0000000,-0.0013692661)  (-0.0000000,-1.4526519e-05)  (-0.0000000,-0.00042497727)  (-0.0000000,-0.00042256659)  (0.0000000,0.00086678593)  (0.0000000,0.00012522784)  (0.093282680,0.0000000)  (0.0000000,0.00060745593)  (0.0000000,-0.00028755372)  (0.0000000,-0.0016219793)  
(0.0000000,1.2401022e-05)  (-0.0000000,-0.00027984989)  (0.0000000,0.00040203710)  (0.0000000,8.0074092e-05)  (0.0000000,0.0015542232)  (-0.0000000,-0.0033152535)  (0.0000000,0.00012397405)  (-0.0000000,-0.00060745593)  (0.099771232,0.0000000)  (0.0000000,0.0022578464)  (0.0000000,0.0053210126)  
(-0.0000000,-7.4882378e-05)  (-0.0000000,-0.00019969386)  (-0.0000000,-0.00014305384)  (0.0000000,4.8858044e-05)  (0.0000000,0.00026625290)  (-0.0000000,-7.8894415e-05)  (-0.0000000,-0.00016606032)  (0.0000000,0.00028755372)  (-0.0000000,-0.0022578464)  (0.10137408,0.0000000)  (0.0000000,0.0029195621)  
(-0.0000000,-0.00015039443)  (-0.0000000,-0.00023330260)  (0.0000000,3.4768639e-05)  (-0.0000000,-0.00017537195)  (0.0000000,7.9096298e-05)  (0.0000000,0.00065677093)  (-0.0000000,-0.00031981832)  (0.0000000,0.0016219793)  (-0.0000000,-0.0053210126)  (-0.0000000,-0.0029195621)  (0.10313311,0.0000000)  
