1.0000000   6.0985615e-17  1.1763516e-17  -6.6926174e-18  -4.6555259e-19  4.1858119e-17  -4.6956366e-17  -4.1430357e-17  -4.5341423e-17  8.5462852e-17  6.7348443e-17  
-6.0554792e-17  1.0000000   5.1025647e-16  -8.0470916e-17  7.2725100e-17  1.5455378e-16  4.4085684e-16  9.1178671e-16  -8.3821327e-17  5.7828547e-16  -3.5752414e-17  
-1.1600035e-17  5.5381893e-16  1.0000000   6.9288530e-16  3.2794371e-16  2.9770548e-17  -2.9649240e-16  4.0741280e-16  -4.8023053e-16  8.9220457e-16  1.6094989e-17  
7.3202542e-18  -1.1814804e-16  5.8608521e-16  1.0000000   -3.2045969e-16  1.4708333e-15  4.9194167e-16  -3.3998457e-16  8.7102631e-16  1.2321979e-16  3.8807026e-17  
1.2084892e-19  2.2432888e-16  3.0956814e-16  -3.9416986e-16  1.0000000   1.4423041e-16  -1.3109846e-15  4.9848950e-16  -7.5945848e-17  3.9731547e-16  1.7001645e-17  
-4.3331233e-17  2.2448962e-16  -2.2097810e-18  1.4336784e-15  9.2413994e-17  1.0000000   1.4156568e-15  1.4777943e-16  3.7834513e-16  -3.8266209e-16  2.3558358e-16  
4.7242448e-17  3.9470267e-16  -3.2839211e-16  3.0632949e-16  -1.3261675e-15  1.2094664e-15  1.0000000   2.8873144e-16  -5.6429485e-16  9.3833595e-16  5.8712089e-16  
4.1655949e-17  7.2157573e-16  4.3273894e-16  -3.4447743e-16  4.8205294e-16  1.3750121e-16  1.7996505e-16  1.0000000   -3.0147300e-16  7.7613100e-17  -1.0868809e-16  
4.4391341e-17  -2.1250737e-16  -4.5809661e-16  7.4674356e-16  -7.5565689e-17  4.2396132e-16  -4.0999322e-16  -5.5284060e-16  1.0000000   -8.4259678e-16  7.7514018e-16  
-8.5208324e-17  4.9542751e-16  9.0056718e-16  1.4934255e-16  3.3449569e-16  -4.1143768e-16  8.5780185e-16  4.9795555e-17  -8.7866633e-16  1.0000000   -2.4437409e-16  
-6.7252573e-17  -3.0799632e-16  8.7671833e-17  1.3335179e-16  1.6988093e-17  2.0247052e-16  4.4766454e-16  -5.6907485e-17  7.9426195e-16  -2.8107772e-16  1.0000000   
