1.0000000   -5.0342864e-17  -2.9370236e-17  2.3451791e-17  -1.2070708e-17  -2.3088115e-17  -4.3132157e-17  -1.4138940e-16  -6.9032853e-17  -2.8972453e-17  -7.9835124e-17  
4.6546258e-17  1.0000000   5.0453356e-17  1.9977644e-16  8.7121019e-16  6.9981578e-16  -8.4138179e-16  1.4003295e-15  2.4610648e-16  3.5867774e-16  8.5326939e-16  
2.8758427e-17  -1.5856667e-16  1.0000000   -4.1636690e-17  -4.5761493e-16  -5.5726790e-16  1.6256508e-16  -1.0993933e-15  -4.9896857e-16  -8.7428890e-16  9.5931264e-16  
-2.3405903e-17  3.0558379e-16  -9.1450173e-17  1.0000000   -5.2933215e-16  4.7622310e-17  3.8416498e-16  -3.2113598e-16  1.2944085e-16  3.5291243e-16  3.3080533e-16  
1.1763294e-17  9.1239520e-16  -2.7036841e-16  -4.5269801e-16  1.0000000   -1.2368186e-15  4.2635395e-16  7.9835747e-16  4.5337218e-16  3.7280474e-16  3.3347687e-16  
2.1950016e-17  7.2552134e-16  -3.7146415e-16  1.5694381e-16  -9.7346018e-16  1.0000000   9.3670131e-18  8.8016426e-16  3.8626335e-16  -1.5368771e-16  4.4632284e-16  
4.4225565e-17  -7.9647012e-16  1.5725778e-16  3.9981930e-16  4.9081253e-16  -2.2436953e-16  1.0000000   8.1692128e-16  1.5484817e-16  -7.7427771e-17  5.2769051e-16  
1.3942901e-16  1.2082047e-15  -1.1444656e-15  -3.7002106e-16  7.9452461e-16  1.0321533e-15  7.7214688e-16  1.0000000   -5.3365239e-16  -4.5298650e-16  1.3045493e-16  
6.9353918e-17  1.4607130e-16  -5.0591760e-16  -5.7721905e-17  3.6087298e-16  3.6855352e-16  2.1941285e-16  -4.6986127e-16  1.0000000   3.4456850e-16  7.5161742e-16  
2.9511533e-17  3.1304462e-16  -8.6049178e-16  4.1596655e-16  3.9140131e-16  -1.6071881e-16  -3.0367484e-17  -4.3920590e-16  3.8254127e-16  1.0000000   6.7767231e-16  
7.8564761e-17  9.0854063e-16  9.5980312e-16  3.2860347e-16  3.4043948e-16  5.1521795e-16  5.7138132e-16  9.5818061e-17  8.1641623e-16  8.2960546e-16  1.0000000   
