1.0000000   -8.9018715e-17  2.2796812e-16  4.1140613e-17  -2.2911100e-16  -6.6312318e-17  2.6277430e-16  4.4804476e-16  -4.6938775e-16  1.3844296e-16  4.2578773e-16  
-6.2042129e-17  1.0000000   -6.1806101e-16  -2.6970282e-16  1.9559827e-16  6.2657145e-16  -1.0585013e-18  -5.8528618e-16  4.3960900e-16  4.9835612e-16  -2.4769030e-18  
2.7910819e-16  -6.8683955e-16  1.0000000   -3.5739556e-16  5.0508189e-16  8.1787759e-17  3.6602013e-16  2.2067019e-16  -3.0732889e-16  3.6225865e-16  7.0823093e-16  
8.9862504e-17  -2.5589570e-16  -3.4761961e-16  1.0000000   2.6278926e-16  -3.1737932e-16  4.5599946e-17  6.2304099e-16  1.0320757e-15  8.6723048e-17  -5.1919732e-16  
-2.4429465e-16  2.0942301e-16  4.7096729e-16  2.9678506e-16  1.0000000   5.0116392e-16  -2.7705844e-16  6.3310644e-17  -9.4685290e-17  -6.1526378e-16  -5.2140722e-16  
-1.9676144e-16  6.3770589e-16  2.0247650e-16  -2.8449649e-16  3.7047314e-16  1.0000000   4.7292811e-16  -5.7314681e-16  -1.2312061e-17  6.8630781e-16  8.4656390e-17  
1.3686660e-16  5.3197916e-17  3.4098116e-16  4.7116009e-17  -3.7093308e-16  4.7777701e-16  1.0000000   -3.2579765e-16  9.4035411e-16  8.4710169e-16  2.0721602e-16  
4.1058131e-16  -7.9807089e-16  4.4522991e-16  5.8785622e-16  6.6682397e-17  -6.1845294e-16  -3.0273219e-16  1.0000000   1.1889798e-15  -2.4769322e-16  5.1307920e-16  
-3.7151682e-16  4.1094807e-16  -2.7857917e-16  1.0797867e-15  -6.7164735e-17  6.3133855e-17  9.1030903e-16  1.2319736e-15  1.0000000   3.6286025e-17  -2.2830164e-16  
-9.7978625e-17  4.9974205e-16  3.8132042e-16  -1.4095526e-16  -5.1804043e-16  6.8103999e-16  7.7313780e-16  -2.4790751e-16  1.1796686e-16  1.0000000   -5.2506662e-16  
4.3149411e-16  3.0807462e-17  7.0808990e-16  -6.6277279e-16  -7.0723270e-16  -1.1459403e-17  1.8877400e-16  4.3641594e-16  -1.9593820e-16  -4.3160776e-16  1.0000000   
