1.0000000   8.5937686e-17  1.0289241e-16  2.0705295e-16  1.1233403e-16  3.9304184e-16  9.4511946e-18  8.5234941e-17  -1.2296495e-16  -5.5156615e-17  2.8462092e-16  
5.9821588e-17  1.0000000   -6.8773299e-16  1.6665819e-16  2.7367601e-16  -7.7154486e-17  -4.9839920e-16  8.6717858e-16  4.8429483e-16  -4.0662630e-16  -1.6831518e-16  
-4.5638822e-18  -5.9009492e-16  1.0000000   -5.0008866e-16  -7.6785125e-16  -5.9073822e-16  6.1973501e-16  -4.3054142e-16  1.6086631e-16  -5.3589850e-16  -2.6135625e-16  
9.5055676e-17  2.1387403e-16  -4.5492017e-16  1.0000000   -3.0774374e-16  -4.9180160e-16  -9.3072291e-17  -8.1269254e-16  -5.7875998e-17  -7.0984765e-16  -6.4812420e-17  
1.0318601e-16  1.9316382e-16  -7.1352048e-16  -3.3383180e-16  1.0000000   1.0989721e-16  2.1326287e-16  3.4362267e-16  -1.5843337e-16  -3.0388863e-16  -1.6858497e-16  
8.6501355e-17  -1.3897547e-16  -4.7120225e-16  -5.5307209e-16  5.1203876e-17  1.0000000   4.7665759e-16  4.7116513e-17  1.1155618e-16  1.9326461e-16  6.0864696e-16  
1.5706057e-16  -5.7941800e-16  5.4764811e-16  -8.6483861e-17  2.5224665e-16  4.6688956e-16  1.0000000   -5.0488187e-17  5.1869951e-16  -4.7847903e-16  -9.3081298e-17  
-2.1565895e-17  9.5429241e-16  -3.2663040e-16  -7.3250237e-16  2.9696659e-16  5.1657910e-17  -4.3495232e-17  1.0000000   -3.2020135e-16  -3.1776440e-16  1.3356227e-17  
-3.9687318e-16  4.7943089e-16  8.4941259e-17  2.7354509e-17  -1.4718098e-16  1.7785575e-16  5.1035074e-16  -4.5199995e-16  1.0000000   -1.5638335e-16  -3.9247441e-16  
3.3405106e-16  -3.5066403e-16  -5.3395175e-16  -6.5518752e-16  -2.3110832e-16  1.5432539e-16  -4.9422476e-16  -3.6510663e-16  -1.5279498e-16  1.0000000   -8.7002645e-17  
4.5727459e-17  -1.4557984e-16  -1.8675128e-16  -1.6039035e-16  -9.7651040e-17  5.7148635e-16  -3.1838020e-16  7.2265834e-17  -4.8979257e-16  -1.2300978e-16  1.0000000   
