1.0000000   6.8117983e-17  3.2587078e-16  7.5555321e-17  1.0135107e-16  1.0533906e-16  1.1556819e-16  8.8266026e-17  3.3559606e-16  -1.2888266e-16  -6.8914661e-17  
1.6003610e-16  1.0000000   -3.0601290e-18  -1.0671542e-16  -3.9175954e-16  1.9634526e-16  -1.0835888e-15  1.3727928e-15  1.5039214e-16  1.5263656e-16  2.5606969e-16  
1.8371962e-16  -1.4354917e-16  1.0000000   8.3438150e-16  -2.3627980e-16  -5.9579553e-16  -8.1641817e-16  2.8993813e-16  1.2936058e-15  -5.4942205e-16  4.2026044e-16  
9.0240656e-17  -6.4536873e-17  7.6286127e-16  1.0000000   -3.5876448e-16  -5.3290212e-16  3.4977173e-16  8.9564220e-16  6.7372770e-17  4.9246498e-16  -2.6783139e-16  
1.0043568e-16  -3.8338972e-16  -1.4538854e-16  -3.5924645e-16  1.0000000   -1.5128814e-15  1.3212677e-16  -2.5326481e-16  -1.0699518e-15  2.9882103e-16  5.2270858e-16  
5.4199419e-17  2.6948927e-16  -7.5223018e-16  -4.4408760e-16  -1.3713064e-15  1.0000000   8.4303660e-16  -4.0527769e-16  -5.6479756e-16  7.5715134e-17  -3.8522296e-16  
-4.7357115e-17  -1.1903278e-15  -8.0280063e-16  1.5797492e-16  2.0493956e-16  7.3800594e-16  1.0000000   7.1902411e-16  -3.8372333e-16  -9.9108270e-16  -2.3117393e-16  
1.8627401e-16  1.4102853e-15  2.8725476e-16  8.2271323e-16  -1.4308525e-16  -4.6380060e-16  6.8101618e-16  1.0000000   -2.2864085e-16  7.8923785e-16  4.1525706e-16  
1.1473436e-16  2.0887131e-16  1.2917422e-15  1.4104949e-16  -1.0886157e-15  -5.8681727e-16  -4.0928403e-16  -1.5199259e-16  1.0000000   -7.6981575e-16  3.8746230e-16  
-1.7117879e-17  1.1963274e-16  -5.3518174e-16  3.6370834e-16  3.4819572e-16  -1.4297694e-17  -9.4844308e-16  8.0965446e-16  -7.5132215e-16  1.0000000   6.5185721e-16  
-1.1356971e-17  1.9918292e-16  4.3974627e-16  -3.0666108e-16  5.8885116e-16  -3.7951809e-16  -2.7286997e-16  3.6879984e-16  3.9542526e-16  7.1143356e-16  1.0000000   
