1.0000000   2.1414496e-17  1.3630675e-17  2.7168854e-16  1.8072199e-17  1.3865318e-17  -1.7398796e-17  -1.8061488e-16  5.7600521e-17  -8.2165059e-17  -2.3916927e-16  
-2.9998521e-17  1.0000000   -1.1427095e-16  2.6222852e-17  -7.7154337e-17  -7.1450508e-16  -2.7305754e-16  8.3038556e-17  -4.0062909e-16  -3.7446067e-17  3.5721956e-16  
-2.5831131e-17  -1.0151794e-16  1.0000000   -3.7926853e-19  -4.7694224e-17  -5.0423107e-16  -6.8412663e-18  -1.0899417e-16  -1.2731775e-15  -1.6622822e-17  1.7919270e-16  
4.2163542e-16  3.0358845e-17  7.2956119e-17  1.0000000   -1.0592569e-17  -7.9256297e-20  1.2404318e-18  -3.6863044e-16  6.8389945e-17  3.9614982e-17  -1.0145963e-15  
-1.7807529e-17  7.9139044e-17  -4.6911129e-17  -1.0835569e-17  1.0000000   3.0892421e-17  -5.5374671e-17  -5.8665920e-18  2.5605683e-17  -1.2376474e-17  1.3497792e-17  
-1.3814532e-17  -6.9332829e-16  -5.0423105e-16  -7.9253210e-20  -1.1710637e-17  1.0000000   -2.6079882e-16  -1.6013796e-18  4.7564474e-16  2.8002081e-20  3.6662839e-19  
1.7909509e-17  -2.8721874e-16  -6.8412748e-18  1.2404368e-18  -3.4327398e-17  -3.3570377e-16  1.0000000   -2.1415497e-17  3.5032799e-17  1.9940021e-18  -5.8914346e-18  
-2.2082082e-16  7.0717792e-17  -1.1531390e-16  -3.6788256e-16  -5.8663248e-18  -9.9987226e-19  -1.6165796e-17  1.0000000   -1.8092704e-16  5.8337084e-17  -1.0901611e-15  
-6.1512982e-17  -4.0057664e-16  -1.7009853e-15  1.0052852e-16  1.4951518e-17  4.7564472e-16  3.5032810e-17  -1.7845213e-16  1.0000000   2.3261300e-17  3.0961629e-16  
1.0426346e-16  -3.7456733e-17  1.1775202e-17  8.2090479e-17  -8.8773061e-18  2.7983742e-20  1.9940274e-18  6.4428325e-17  -1.9380152e-17  1.0000000   8.7785265e-16  
-5.6704365e-16  4.1265713e-16  1.7977316e-16  -1.0134614e-15  -1.7636108e-17  -3.7328980e-19  5.5051244e-18  -1.0901829e-15  3.1060178e-16  8.7160474e-16  1.0000000   
