1.0000000   4.8454298e-17  5.1151799e-17  7.4083999e-17  -1.2155650e-16  1.7029715e-17  3.5250121e-16  -1.8325357e-16  -2.0619491e-16  1.6453053e-17  3.6665665e-17  
1.2322034e-17  1.0000000   7.1266284e-16  -5.9347105e-16  8.7858480e-17  -2.7939340e-16  -2.4839886e-16  -9.2139660e-18  1.4092369e-16  1.2371712e-16  -1.7581077e-16  
2.2784077e-17  7.0213232e-16  1.0000000   -5.8468999e-16  1.1881543e-16  5.4236052e-16  3.7993754e-16  2.0781638e-16  3.4260448e-16  -1.1389760e-16  -3.8495524e-16  
-1.1030450e-16  -5.9132369e-16  -5.0407739e-16  1.0000000   -4.1710827e-16  -5.4758804e-16  -5.3368457e-16  -3.4734298e-16  4.6277358e-16  1.6269410e-15  4.6457216e-17  
-1.5106035e-16  5.9854522e-17  1.4881097e-16  -4.5272929e-16  1.0000000   -9.7066686e-16  8.8445090e-16  -2.3101093e-16  -5.5532789e-16  -6.3105074e-16  2.3282903e-16  
-8.0187611e-17  -2.6399315e-16  5.3343582e-16  -6.0929812e-16  -9.3708750e-16  1.0000000   1.5578555e-16  -7.1672040e-16  -2.7494367e-17  -7.4168556e-17  5.3709527e-16  
2.7575909e-16  -2.7067136e-16  4.0431788e-16  -5.0492331e-16  8.4537190e-16  9.5272530e-17  1.0000000   1.3860158e-16  -1.5565498e-16  -2.7892122e-16  2.5127678e-16  
-2.0739388e-16  -5.4272274e-17  1.4310106e-16  -3.8602072e-16  -2.1493010e-16  -6.2092911e-16  7.2208762e-17  1.0000000   -8.7173195e-17  1.9557146e-16  -1.2956756e-16  
-5.5971599e-17  1.0560684e-16  3.4097617e-16  4.6229368e-16  -5.8709432e-16  -8.2331719e-17  -9.6676677e-17  -9.6662215e-17  1.0000000   3.2342871e-16  -5.3386463e-17  
1.1199969e-16  7.4922567e-17  -1.9869937e-16  1.6220775e-15  -6.7250042e-16  -5.9097975e-17  -3.9029226e-16  2.6649858e-16  3.0663200e-16  1.0000000   7.5844177e-16  
3.3980075e-17  -4.5059324e-17  -3.9328751e-16  1.0739107e-16  2.3682533e-16  6.0257158e-16  2.0458918e-16  -1.2274087e-16  -7.1228746e-17  6.6702998e-16  1.0000000   
