1.0000000   -1.4318226e-16  -5.1371171e-17  4.4153080e-17  9.4416826e-19  1.0912479e-17  -2.1284069e-17  9.1666729e-18  -1.6155359e-16  -7.7219532e-18  -5.1362420e-17  
1.4636794e-16  1.0000000   3.6743244e-16  -2.9161349e-16  2.1804725e-16  2.1380652e-16  -7.6427363e-16  3.7163212e-16  6.9301036e-16  8.8277033e-17  -4.5923829e-16  
5.0643240e-17  5.1538508e-16  1.0000000   -6.1307089e-16  8.7783813e-16  -3.4580317e-16  6.0177581e-16  -9.6975838e-16  2.6534148e-16  -4.7191894e-16  -1.2668699e-16  
-4.3534151e-17  -3.3939053e-16  -3.6660569e-16  1.0000000   -2.9265465e-16  -7.0064527e-17  -4.7407092e-16  3.7381957e-16  8.4427010e-16  -4.5693059e-16  9.5717434e-16  
-1.8357064e-18  1.6124696e-16  6.1978820e-16  -3.1142114e-16  1.0000000   2.9242243e-16  2.6727643e-16  3.2080077e-16  2.7583855e-16  -8.4818790e-16  2.1682434e-16  
-1.1424606e-17  2.5179244e-16  -2.9347513e-16  1.2246781e-16  2.7865257e-16  1.0000000   3.1341688e-16  5.8525564e-16  2.5338840e-16  1.6721325e-16  -9.3577659e-17  
2.2817669e-17  -7.3183453e-16  6.8526987e-16  -4.5271198e-16  2.8968368e-17  1.4794516e-17  1.0000000   4.8928249e-16  8.3999457e-17  -2.8432635e-16  -1.0491757e-15  
-9.2286620e-18  3.2469885e-16  -1.0491247e-15  3.0726161e-16  2.3390519e-16  6.7564100e-16  4.8360904e-16  1.0000000   8.2624945e-16  -2.6269287e-16  4.6001131e-16  
1.6212513e-16  7.2548827e-16  3.5413775e-16  7.4600503e-16  2.4968734e-16  3.7373324e-16  7.6385537e-17  7.7290708e-16  1.0000000   4.1584825e-16  1.3568491e-16  
7.1734092e-18  -2.7655161e-18  -5.4978717e-16  -4.2463287e-16  -7.6852364e-16  2.2361551e-16  -4.1105667e-16  -3.9049652e-16  4.7014011e-16  1.0000000   -7.9467615e-16  
5.3528460e-17  -4.7072781e-16  6.2427652e-18  1.0226229e-15  2.4984931e-16  -1.4667561e-16  -1.0601871e-15  4.6532221e-16  1.3630052e-16  -6.8719963e-16  1.0000000   
