1.0000000   -1.9629345e-17  3.9412106e-16  -2.4118607e-16  5.8281728e-17  1.2754079e-16  -1.3599843e-16  -1.8256564e-16  2.4157052e-16  2.2644160e-16  1.5654971e-17  
-1.1921451e-17  1.0000000   6.6079895e-17  -2.8263016e-17  -4.6718563e-16  8.9824339e-17  3.4993642e-16  1.4433324e-16  1.9746918e-16  1.7918461e-16  -7.2835161e-17  
4.9897433e-16  1.3601498e-16  1.0000000   -1.2278930e-16  -7.1033576e-16  -7.6337509e-17  -7.2713949e-17  4.5153909e-16  7.3556804e-16  3.9667845e-17  2.1390165e-16  
-2.3414569e-16  4.5033303e-17  -1.2275729e-16  1.0000000   -3.4780542e-16  -5.5813480e-16  -3.2575776e-16  4.6030294e-16  -3.6047822e-16  -2.5207771e-16  9.8131213e-16  
8.1092159e-17  -4.5656023e-16  -6.7836113e-16  -4.1506194e-16  1.0000000   1.9184994e-16  -8.4365315e-17  4.8428398e-16  -2.3328795e-16  -8.5175254e-16  -6.9712844e-16  
1.7619106e-16  6.6326410e-17  -1.5457892e-17  -4.1822771e-16  1.4920343e-16  1.0000000   -8.4341182e-16  -1.6573227e-16  8.1088519e-16  4.2978427e-16  3.2299653e-16  
-1.1246309e-16  3.7280932e-16  -1.5018439e-16  -2.2702922e-16  -1.2496874e-16  -7.7237374e-16  1.0000000   -1.5931156e-16  -5.0534502e-16  -5.5246310e-16  -3.4303691e-16  
-2.6933645e-16  3.5506736e-17  3.0675760e-16  4.6088292e-16  4.7188173e-16  -2.1131340e-16  -1.4209750e-16  1.0000000   1.7703929e-16  -6.1993519e-17  -2.2476444e-16  
4.0312268e-16  1.6168366e-16  7.6589894e-16  -3.5138728e-16  -3.2289641e-16  8.2814337e-16  -5.7442598e-16  1.6348513e-16  1.0000000   -5.9294669e-16  -5.0650368e-16  
1.6877762e-16  1.7682217e-16  6.5997839e-17  -2.2744720e-16  -7.8936821e-16  4.5490529e-16  -4.4184794e-16  1.3062175e-17  -6.1018131e-16  1.0000000   -6.1012291e-16  
1.1437742e-16  -1.4838993e-16  1.8484292e-16  1.0441635e-15  -4.5158460e-16  4.1662734e-16  -2.5969395e-16  -2.8408086e-16  -4.3561549e-16  -6.6188891e-16  1.0000000   
