1.0000000   5.6234845e-17  -5.3495464e-17  -1.5487443e-16  2.4739458e-16  1.8247233e-16  -4.7366558e-17  2.2481956e-18  2.4245336e-16  -5.6520713e-18  -2.2987279e-16  
1.2365980e-17  1.0000000   8.1723800e-17  -4.4803021e-16  -1.3359811e-16  -1.6380248e-17  -3.9353996e-16  2.4454950e-16  -1.2672214e-16  -4.0435880e-18  -1.3111452e-16  
-5.7819454e-17  1.5982921e-16  1.0000000   2.0068628e-16  1.9297700e-16  -4.5838960e-16  1.3366784e-16  1.3798973e-16  -1.6467435e-16  -1.1624470e-16  -3.0298062e-16  
-1.4061585e-16  -4.0704307e-16  3.1632950e-16  1.0000000   -2.0700384e-16  1.7837647e-16  1.1061116e-15  -5.2753599e-16  -4.8193062e-16  -2.7543419e-16  -2.9036226e-16  
2.0074847e-16  -1.4809273e-16  1.9195147e-16  -2.7853299e-16  1.0000000   -1.0853625e-16  5.4987511e-16  -3.5318120e-16  -2.6156735e-16  5.5641687e-16  1.2701143e-16  
2.2926279e-18  1.3796533e-17  -4.5720760e-16  2.0999088e-16  -3.5905691e-17  1.0000000   4.7017558e-16  1.4333599e-16  -9.4345177e-17  -4.4274707e-17  -6.3927736e-16  
-1.3815785e-16  -5.5600018e-16  1.2333424e-16  1.1035651e-15  6.0978574e-16  4.9829676e-16  1.0000000   -6.7133687e-17  2.0258368e-16  1.0210842e-16  4.4904435e-16  
1.1738210e-17  2.5651603e-16  1.4025544e-16  -5.5119969e-16  -3.1701159e-16  1.0782925e-16  9.2168368e-18  1.0000000   -6.6883839e-19  -3.2466082e-16  3.6267240e-16  
2.4650543e-16  -1.0960346e-16  -1.4979795e-16  -4.9778264e-16  -1.8807654e-16  -3.3822601e-17  1.2139861e-16  -4.6500256e-17  1.0000000   -6.0625948e-16  -1.8192235e-16  
-5.1075817e-17  -2.2666491e-18  -1.5868708e-16  -3.7677011e-16  5.1267867e-16  -9.1359616e-17  -3.2961017e-17  -5.0224467e-16  -4.5061344e-16  1.0000000   -1.1847005e-16  
-1.3877602e-16  -1.0605662e-16  -2.8773863e-16  -2.7000573e-16  1.5064703e-16  -6.1038528e-16  3.7260471e-16  3.6855589e-16  -3.0770335e-16  -4.0324909e-17  1.0000000   
