1.0000000   -4.4305958e-17  1.5666798e-16  2.4186356e-16  4.3469131e-17  -6.8842489e-17  -1.0092738e-16  -1.2436054e-16  -2.0009696e-16  -2.5916247e-16  6.8720621e-17  
7.4018668e-18  1.0000000   -4.0779941e-17  -1.2976352e-16  3.1471565e-16  2.4813026e-16  -1.2869928e-16  -9.6876910e-17  -3.0560960e-16  3.1876066e-16  1.0195530e-16  
1.4966020e-16  -2.2721044e-16  1.0000000   -1.4086604e-15  -6.4365184e-16  7.0096316e-16  1.0240328e-16  -2.9228176e-17  2.7654358e-16  6.9602208e-16  1.6769685e-16  
2.4799241e-16  -2.7703002e-17  -1.3470625e-15  1.0000000   -1.1736019e-15  -1.9914105e-16  -1.4247928e-15  1.2346826e-16  -1.0304673e-16  6.7253850e-16  -1.4599375e-16  
-8.1188452e-17  3.5921702e-16  -6.5072153e-16  -1.1611849e-15  1.0000000   1.7492703e-16  3.5321820e-17  3.4141173e-16  2.0762797e-16  -4.8074361e-17  3.6858191e-16  
-1.1047958e-17  3.4082807e-16  7.0574767e-16  -2.0848379e-16  3.0492200e-16  1.0000000   5.5588839e-16  7.8739581e-17  1.0739658e-15  2.1327008e-16  -1.3183393e-15  
-1.7600691e-16  -1.5119257e-16  6.4211973e-17  -1.4160927e-15  1.8631937e-16  6.3081052e-16  1.0000000   -3.2686070e-16  5.9559663e-16  6.3774340e-16  -3.4745546e-16  
-1.6479004e-16  -8.8168165e-17  6.8827629e-18  2.1844733e-16  4.2618134e-16  2.9957902e-17  -2.7165934e-16  1.0000000   6.1541399e-16  -4.1345048e-17  2.5605488e-17  
-3.2751086e-16  -3.0873194e-16  3.3321446e-16  -1.5195364e-16  -4.9909381e-18  1.0988186e-15  6.3860516e-16  6.9795724e-16  1.0000000   6.2793492e-16  -3.1790327e-16  
-2.5314249e-16  3.2451253e-16  7.8088077e-16  6.9119440e-16  8.2489779e-17  1.6598511e-16  5.6470366e-16  -1.3050991e-16  6.4641481e-16  1.0000000   5.1959794e-17  
7.4227637e-17  1.0456383e-16  8.8046322e-17  -7.0559539e-17  3.5974301e-16  -1.1193009e-15  -3.5414871e-16  1.8866177e-17  -2.7974812e-16  7.3831971e-17  1.0000000   
