1.0000000   4.5843368e-16  1.7984534e-16  1.4594111e-17  8.0552146e-17  8.3057663e-17  -1.6795599e-16  -6.9454138e-18  -3.7397251e-17  -3.8086644e-16  -2.9214990e-17  
4.5513742e-16  1.0000000   6.7231816e-16  1.8596702e-16  3.2431563e-16  -1.5649794e-16  -4.9370870e-16  -2.0919014e-16  -5.8805522e-16  3.2664293e-16  -2.5180595e-17  
1.9184756e-16  6.5110937e-16  1.0000000   -9.8256656e-17  6.8584693e-16  -2.4951971e-16  3.9714240e-16  1.7893703e-16  -7.2376632e-16  9.9245847e-16  4.9975367e-16  
-1.1335760e-16  1.9764546e-16  -6.7266367e-17  1.0000000   6.4527592e-17  9.9545770e-16  -3.6000132e-16  -1.7065201e-16  1.8206887e-16  -1.2660831e-15  -5.4417547e-16  
3.1473451e-18  4.3742327e-16  7.9406417e-16  3.1437443e-17  1.0000000   1.4465173e-16  6.1130262e-17  3.8763868e-16  2.9085206e-16  -9.0086707e-16  -3.2204870e-16  
-4.3116828e-17  -1.6247122e-16  -2.8231529e-17  8.9825647e-16  3.1951560e-16  1.0000000   -2.0037869e-16  1.7390430e-17  -1.9336553e-16  3.0073602e-16  1.4541015e-16  
-2.2039612e-16  -5.7572611e-16  4.2774590e-16  -2.2042073e-16  1.5614847e-16  -1.5530720e-16  1.0000000   -8.9236818e-16  -2.8067110e-16  3.2322399e-16  1.8381123e-16  
-8.4209122e-17  -2.8336985e-16  2.8335951e-16  -7.2317804e-17  2.6021119e-16  1.3980377e-16  -9.9375799e-16  1.0000000   2.6968257e-16  9.6007458e-16  -6.4372492e-17  
1.6296614e-16  -4.3869923e-16  -6.8738225e-16  3.4462549e-16  3.0607385e-16  -1.4511268e-16  -2.4024691e-16  2.9178448e-16  1.0000000   1.4164376e-16  -1.0946020e-15  
-6.5759316e-16  4.0950943e-16  9.2813705e-16  -1.2551554e-15  -8.2428176e-16  1.8196536e-16  3.0546317e-16  8.7240793e-16  1.0904819e-16  1.0000000   -9.1946231e-16  
-1.5079522e-16  2.0859033e-17  5.5283723e-16  -4.9127911e-16  -2.1573082e-16  6.0783084e-17  -9.7290204e-18  -2.2427844e-17  -1.0408781e-15  -9.1113047e-16  1.0000000   
