0.96737905  0.00032536953  -0.016739800  0.015746655  0.0048969962  -0.010834752  0.030221766  0.00076198875  0.023134629  -0.010649203  -0.011416806  
-3.7142610e-05  -0.96441060  -0.048400803  -0.023194374  0.0064878556  -0.0018080292  0.0022458918  0.067882097  -0.016022917  -0.0037134326  0.0020999233  
0.018103928  -0.049597639  0.95072816  -0.00058058345  -0.0072646097  -0.014347760  -0.091704435  -0.014169812  -0.013545800  0.0013836274  0.0084175613  
0.0053993280  0.021350356  -0.0029384899  -0.76724390  0.53720476  -0.21215084  0.0095142966  0.0020644090  0.0021295124  -0.022758209  -0.0057853977  
0.021314502  0.0090864717  -0.014045994  -0.56867937  -0.68651306  0.33462503  -0.16210941  0.0074800884  -0.0094775694  -0.013219712  -0.043493382  
-0.028738843  -0.0014704089  0.079177434  -0.092189729  -0.26975030  -0.28607512  0.87417397  0.0098517897  0.037623141  0.0038927530  -0.015182271  
-0.0012438576  0.00035075659  0.052308772  -0.014777517  0.32128423  0.82773652  0.36931503  -0.0028109300  -0.0074791004  -0.0069137441  0.011178645  
-0.0023172827  -0.069815981  -0.018103390  -0.0049096570  -0.0042580909  0.0055846170  0.0071905984  -0.95410067  0.079200543  0.037168413  -0.0045368821  
0.024764492  0.011175581  -0.013483720  -0.017012708  -0.0037159699  -0.032841929  0.032300576  -0.076690080  -0.91918376  0.25311128  -0.057899858  
-0.0014129360  -0.0029430227  -0.0014924711  -0.026289703  0.021147718  -0.0096947279  -0.014224143  0.042651880  0.26476383  0.77339143  -0.47817610  
-0.013452562  0.00022620369  -0.00056768762  0.037714482  0.030164148  -0.0039634317  0.0018791728  -0.0023376933  -0.075126634  -0.45375015  -0.76742056  
