0.97823957  -0.025744739  -0.020489848  0.0014862566  -0.0053663767  0.012848550  -0.0027680588  0.0060583819  0.0023167461  -0.0034031844  -0.0073612943  
-0.024813904  -0.95657626  0.068251669  -0.16314631  -0.077654722  0.042868064  0.037518303  0.0077434181  -0.0021443954  0.023774670  0.0073222269  
-0.020950465  -0.047022022  -0.94803382  -0.065947845  -0.080024772  -0.094733501  0.17074587  -0.014051587  0.014322869  0.0061384161  0.0018630502  
-0.0071509810  0.058113333  0.033241736  0.19736933  -0.90689362  0.27737356  0.025263477  0.046298995  -0.041231534  -0.056412329  0.025356480  
-0.0068912632  -0.12864029  -0.10435735  0.46284659  -0.074209532  -0.41632935  -0.68477707  -0.050260236  0.050135254  0.088803259  -0.0087465592  
-2.5480254e-05  -0.12144691  0.046322712  0.75879120  0.15925075  -0.0099753186  0.53210733  -0.067052817  0.024361383  0.033517782  -0.043114509  
0.013682680  0.047290613  0.17359011  -0.20934786  -0.27164522  -0.78912289  0.35061086  -0.066193083  -0.021721515  0.0032693969  -0.19447699  
-0.013587704  -0.0011500357  -0.0063828979  0.039416430  0.027355350  -0.043517127  0.044552278  0.92470528  0.056222425  0.13587472  -0.11532179  
-0.0060500936  -0.020917062  -0.016975411  0.047264240  0.058645346  -0.015433526  -0.0096561140  0.056754677  -0.91865919  -0.23060472  0.025556517  
0.010071546  0.037259726  0.021404396  -0.044816424  -0.054397512  0.0068972205  0.016553253  -0.077270070  -0.25406510  0.90214747  0.15555201  
-0.012588282  0.0055374323  -0.00018664669  -0.025148665  -0.0030446140  0.0067589115  0.13500290  -0.093643891  0.089698177  -0.00059628562  0.54067903  
