0.98527602  0.0027535470  0.010061035  -0.0032176989  -0.012396686  0.0060118983  0.0047263632  -0.023025601  -0.0064357667  -0.0021354214  -0.0061822348  
0.0024289990  -0.98327315  0.0068715657  -0.070703597  -0.0044471893  -0.0071518028  0.0065001766  3.5487363e-05  0.0016559362  -0.0011421446  0.00047681223  
0.010514788  -0.0084970531  -0.98082871  0.021916204  -0.0058712730  0.0021174843  0.00077233275  0.00020210145  0.0097582522  0.068998399  0.030600164  
0.0042442733  -0.070194179  0.024563078  0.97364926  0.00067352379  -0.00062591858  -0.0051826297  0.037972037  -0.082922684  0.018675062  -0.043347575  
-0.010008300  0.0055099382  0.0044608020  0.0017927607  -0.38452020  -0.48490611  0.12432122  -0.021157890  -0.092189352  -0.042107097  -0.019053148  
-0.0088997843  -0.0083093107  0.0035349687  0.0011870246  0.26300963  0.67561845  -0.22918515  -0.076796320  -0.10463314  0.037899494  0.0076067402  
0.0085737555  -0.0039540785  0.00028937554  0.00060830684  -0.0028848618  -0.28607194  -0.93186450  0.024352657  0.053472095  0.0075461740  0.019450498  
0.019924671  0.00067887294  0.00043749433  -0.0041192789  -0.048349513  0.068265462  0.029287213  0.90337785  0.22833805  -0.061503386  0.20088318  
-0.0015722024  0.00022155826  0.0090073617  -0.023192511  -0.17117375  0.022745689  0.0044162562  -0.020195059  0.22316106  0.61329890  -0.44366514  
-0.0059054949  2.7430256e-05  -0.015660860  -0.00082223869  0.0087217032  -0.10350659  -0.0036498351  0.036364718  -0.59564747  0.21251080  0.35247617  
0.021849043  0.00099396545  0.013051562  -0.047689136  -0.047959019  0.075257850  -0.034307393  0.14665836  -0.18572821  0.10280017  0.10791435  
