0.99265700  0.0045632541  0.0094078195  0.0033184255  -0.0022224529  -0.0066223970  0.0068394460  -0.017702413  -0.0041472217  0.0036457446  0.010755602  
-0.0041897263  0.98963541  -0.015866982  -0.075818743  0.022705360  -0.014158087  0.0010247367  2.4473684e-06  -0.00010829706  0.0011887086  0.0012532532  
0.0036379852  -0.074778268  0.047999746  -0.97091642  0.0024853666  -0.00023797585  -0.00044715625  0.0029549278  -0.0033729703  0.018600278  0.0081644053  
0.0093872956  -0.019334941  -0.97617324  -0.047365756  -0.0013536045  0.0010263758  9.5201784e-05  -0.0088511331  -0.0052410700  -0.0015889736  -0.0091963964  
0.00039378335  -0.025930769  0.00067324794  -0.0022737731  0.93414833  -0.31498386  -0.086053865  -0.00018988723  0.0096893570  0.058116404  0.021628727  
0.0057836180  0.0063087696  0.00042444512  -0.0015396964  0.31607421  0.93505891  0.011989537  0.0026730779  0.0027635510  0.027139377  -0.063810826  
-0.0081172015  -0.0034381849  -0.00035111637  -0.00021242324  0.077744532  -0.038738647  0.98608622  -0.010596768  0.00075609165  0.0039095308  0.0094903581  
-0.021030850  -0.00040634405  0.0027627023  -0.0048391080  -0.0017113056  -0.0020978724  -0.010773333  -0.94826898  0.058716270  0.024133980  0.062763476  
0.0049233925  -0.0014577257  -0.0014590209  -0.017121474  0.059268644  -0.020856506  -0.0051195888  -0.0016925639  0.11290493  -0.91059294  -0.33101260  
0.0099973426  0.00056724610  0.0045615538  0.0021919913  -0.016693336  0.0023500020  0.0042209152  -0.040926728  0.91470516  0.13315316  -0.16771832  
0.015433310  -0.00092154910  -0.0061722459  -0.00081241307  0.028266452  0.067271739  -0.00064700668  0.00097231150  -0.044822929  -0.0034270092  -0.0059099110  
