0.97847150  -0.0013855375  -0.011198080  0.0035405383  -0.0019490693  -0.015420903  -0.022567115  2.9777188e-05  -0.013922352  0.00081595497  4.5359974e-05  
-0.00098491621  -0.97297287  0.0058039298  -0.11040353  -0.0012069486  0.0037465892  0.00033351234  0.0015553138  0.00036140155  0.0012979180  -0.0018252536  
0.012455986  0.0075815013  0.97790260  -0.013631456  -2.6353551e-06  -7.8731304e-06  0.0016231955  0.0040121132  0.0022405397  -0.0016015087  0.00072141320  
-0.0032494106  -0.11026146  0.014715933  0.96161478  -0.0016816007  -0.00085270311  0.0059373061  -0.078193446  -0.010414345  -0.011407561  -0.025646328  
0.0012989061  0.0019380275  -0.0011562748  0.00038965987  -0.94787146  0.16207588  0.027719452  -0.010832249  -0.026305100  0.17077382  0.022988518  
-0.0031934856  0.0023074418  0.0057104061  -0.0016790315  0.032294135  0.41217253  -0.091801429  -0.0038546177  0.085971512  -0.019144158  0.016100514  
-3.7534010e-05  0.0042490962  4.8123183e-05  -0.0022090047  0.030514879  0.0051841970  0.077096815  0.012627352  -0.090387748  0.26485839  -0.89578532  
-0.0044907555  -0.0010526320  0.00073444455  0.0052678701  -1.9543946e-05  -0.12044221  0.41266139  0.13957970  -0.82834095  -0.028865138  0.12592759  
-0.018640040  0.0011258480  -0.0015324041  -0.012763092  0.012835413  0.14430133  -0.81583787  -0.13429788  -0.44326423  0.0053899152  -0.024756566  
8.0418367e-05  0.00059393114  -0.00035955593  0.027525470  0.10594319  -0.0043411459  0.086422725  -0.59367782  -0.020660000  0.47976707  0.27286460  
0.00075930561  0.00027821493  -0.0089699388  -0.030850865  0.13893763  -0.011359982  -0.043203323  0.25479336  -0.017041690  0.74073572  0.11943472  
