0.98910885  -0.0038149359  -0.0094335375  -0.0042932098  0.0088053754  0.0093313001  -0.0085275446  -0.019197090  0.0018375397  0.0061262904  -0.020629328  
-0.0033471997  -0.98446009  0.0073024745  0.098380593  -0.0086586769  0.013635798  0.0092531253  0.00027203511  0.0014557105  0.0012102134  -0.0018943955  
-0.010254901  -0.019915138  -0.98078236  -0.12362373  -0.0019168914  -0.00069214857  0.0011207849  0.00082884879  -0.013351671  -0.013821646  -0.013681846  
-0.0031634789  -0.096415141  0.12710684  -0.97003797  -0.0051832135  0.0031842539  0.0041304066  -0.012040895  -0.024853493  -0.069096612  0.025349451  
0.0025519866  0.015667471  -0.0028688148  -0.0048021324  -0.68801126  0.28973231  0.48779465  0.031377600  0.069018722  0.038906212  -0.0056569638  
0.0064210487  -0.010191900  -0.0027927569  -0.0032967313  -0.37009522  -0.83356099  -0.25641043  0.014955216  0.0085743098  0.00032085253  0.029800963  
-0.0060401615  0.0020742665  0.0012109732  -0.00044846922  -0.46607123  0.39073424  -0.75887002  -0.016166655  0.0034861599  0.066275127  -0.036990581  
0.018337668  -0.00057835828  0.0027686191  -0.0082983922  -0.0081139664  0.013575313  -0.0049993314  0.93900222  0.026122647  -0.17565615  -0.093452355  
0.0033531323  -0.00085809105  0.0038141086  -0.045162935  0.064298647  0.016557419  -0.046495041  0.12375417  -0.21053837  0.33850608  0.22413699  
-0.0038431107  -0.0013720989  -0.020148597  -0.082315078  0.055847007  -0.016095265  -0.035202322  0.039489067  0.37973229  0.23447957  -0.26920038  
-0.011171573  -0.00048011887  0.027681502  0.016606252  -0.029795044  -0.076770251  -0.014282124  0.011048471  0.25863722  -0.24935668  -0.55023491  
