0.97116848  -0.019238742  0.017966576  -0.0081819639  0.012072113  0.0068216363  -0.029097608  0.011123058  0.0080051160  0.0053542130  0.016219180  
-0.025730593  -0.44453227  0.20607247  0.20591463  0.10599982  0.75051914  -0.21877322  -0.036955941  0.031871985  0.041031168  -0.071346410  
0.023272427  0.037118997  -0.061089447  0.41430799  -0.82645432  0.11479020  0.25193405  -0.0076711374  -0.0060575562  0.014670232  0.010565627  
0.0051771406  0.21815653  0.046498118  -0.74467673  -0.19851205  0.42092649  0.32210931  -0.024105264  0.011213062  0.0060436455  0.0089520762  
0.015964820  0.72720201  -0.015225577  0.39631851  0.33735813  0.31823827  0.17806194  -0.015654098  0.0061024826  -0.011275882  0.026849296  
0.0057069132  0.011128758  -0.88120101  -0.064008417  -0.032209278  0.21269683  -0.29029920  0.10541616  -0.035903173  -0.084924752  0.018727944  
-0.013429242  0.39329845  0.29347135  -0.11801755  -0.29966364  0.033978579  -0.74376256  -0.026965320  -0.062106308  -0.066807142  -0.011782019  
0.0084001011  0.055162215  0.019919005  -0.0079553439  -0.012655088  -0.021690916  -0.012839666  0.30835784  0.19687457  0.010378089  -0.84290173  
-0.0082898990  -0.010712616  -0.0066001671  0.0021420522  -0.0025596050  -0.024661266  -0.096205120  -0.57200216  0.16311219  -0.25089493  0.059871091  
-0.014660745  0.0096090862  -0.014507150  -0.0051553751  -0.019785071  -0.0067530213  -0.052632791  -0.0024947235  0.59394507  -0.19702653  0.061529450  
0.015373253  0.00011094843  -0.039545080  -0.011210246  0.026920539  0.11446146  0.072214549  -0.34100512  0.063278773  0.31022113  -0.085564858  
