0.97021861  0.00028535341  -0.016127212  -0.0048744725  -0.017841282  0.025456723  0.00092722899  0.0022302198  -0.021872901  0.0014897483  0.011837420  
0.0016440505  -0.94516914  0.032461076  -0.0076207077  0.0029370050  0.00061936837  -0.00038932432  -0.22164052  0.0041134564  0.00032138804  0.0010237422  
-0.015866066  -0.031019270  -0.97012615  -0.00020990886  0.0057963851  -0.032334699  -0.012542199  -0.0095666414  -0.014190063  0.00033501400  -0.0011640972  
-0.0038172255  0.0077422496  -0.0011851854  -0.95053874  0.091690824  0.037263999  0.0058625070  -0.0014693768  0.025565995  0.16449515  0.019332637  
0.0049406228  0.22004436  0.0015722260  0.0094533170  0.093680814  0.00065462362  -0.0024571812  -0.93951073  0.031607369  -0.027085344  0.012788468  
0.017079830  -0.019084948  0.0056253308  0.090760413  0.95785691  -0.0015462781  -0.036678008  0.092982939  0.00078373445  -0.012572341  0.077422635  
0.026508253  0.00056310046  0.032956761  -0.038833117  -0.0050096561  -0.95200499  -0.17710017  0.00041443286  0.026490553  -0.0058301280  -0.014702960  
-0.0042525325  0.00080183763  0.0058929437  7.3482433e-05  -0.035544628  0.17737369  -0.95431765  -0.00045048939  0.00070971800  0.013331629  0.0029399031  
-0.023681937  0.0041321023  0.017143336  -0.025762931  0.0023815144  -0.022377441  -0.0060045066  -0.033006110  -0.96335570  0.0039376060  0.032710592  
0.0014910166  0.00090055871  -0.0019526329  -0.16944956  0.012713255  0.010882398  -0.0082085644  0.022663989  -0.0066720131  -0.88270447  -0.12813076  
0.012306228  4.8759209e-05  0.0021345316  0.0094576185  0.078875983  0.015283829  -0.0027425329  -0.0096401807  -0.029006602  0.10822733  -0.95551334  
