0.98116193  0.0019684382  -0.011299367  0.0034510085  -0.00099847942  0.0044205141  0.00023326329  0.0053317356  0.016373350  -2.0294222e-05  -0.00084910974  
-0.0014818300  0.97517724  0.0078820934  -0.11379529  0.0022510425  0.0029649509  -0.0010635482  -0.00080880087  0.00047787184  0.0012119788  0.00055047247  
-0.011446551  0.0094261965  -0.98096453  0.011626812  -0.0085425181  0.0012944210  -0.00051872473  -0.00028824428  0.0043803769  0.025320331  0.034796773  
0.0029346489  -0.11406383  -0.012652334  -0.96981196  0.0017493720  -0.00042751324  -0.0029704227  -0.051982556  0.037307700  0.0067818677  -4.3336278e-05  
0.013627455  -0.0039788109  -0.00027100442  -0.0023335155  0.61687925  0.14103988  -0.045405490  -0.0010845837  0.12592916  0.057170110  0.10603082  
-0.0053749100  -0.0029726111  3.2591087e-05  0.00059504122  -0.14279341  0.83877891  -0.44401122  -0.015500917  -0.12734241  0.0068874360  -0.043693456  
-0.0045818730  0.00060179300  0.00024505865  0.0031126430  0.012249684  0.44885778  0.83179326  -0.15121731  -0.016528370  -0.049692379  0.017994621  
0.024528061  -0.00014827887  -0.0028429353  -0.021759699  -0.035233300  -0.10262334  -0.076603937  -0.49101581  -0.73738533  -0.036168522  -0.030114533  
0.0059052226  0.0025962572  0.0086368125  0.086002549  -0.13810301  -0.010566141  0.020114082  -0.62979221  0.24710241  0.24157522  0.068150756  
0.0020799444  -0.00077021502  0.016457054  -0.010004948  -0.11881686  -0.0077824200  0.044995998  0.11212339  -0.17064809  0.47067605  0.40758043  
0.0061712704  0.0013888462  -0.00043012640  0.0059491462  -0.030787490  0.00058232578  -0.044352173  -0.15734906  0.11248329  -0.58830201  0.47074253  
