0.97528373  -0.0020381642  -0.012448354  0.0018859746  0.0039136416  0.013453687  0.014095164  -0.0018816905  -0.025344307  0.0040619640  0.00018350829  
0.00083403931  0.88256759  0.0051782417  0.39871572  0.11921877  0.00016279434  -0.00010924555  0.0020400728  -0.0016689576  0.0037540513  -0.00016828424  
0.012767658  -0.00041849401  0.97640669  -0.010190064  -0.0029815186  0.0025164560  0.00067601433  0.0033620276  0.0073580851  0.00014774251  0.0016071629  
-0.0036578974  -0.41638733  0.0094349704  0.84948038  0.23958663  -0.0061861110  -0.0015425289  -0.020459522  -0.0092512229  0.017540772  0.0062798215  
0.0019030601  0.0046840926  1.9384472e-05  0.26673579  -0.93011121  0.11141007  -0.0032649727  0.0039303865  0.00077327418  -0.022076896  -0.0025881928  
0.016126321  0.0040660213  -0.0048931128  0.026064351  -0.11332440  -0.66186562  0.037601536  -0.0041848623  0.20512816  -0.041115649  0.0067833324  
0.025758197  -0.00098738655  -0.0025638898  0.0032524883  0.0074585185  -0.064936708  -0.84293285  0.019723333  0.45649012  -0.049530640  0.0062334792  
6.7974766e-05  0.0053674763  -0.0042862148  0.017005821  -0.0029931659  -0.0011912678  0.024516486  0.85143704  0.0032015266  0.095483529  0.047806240  
0.015143537  -0.0030109426  -0.0025057702  0.0077702644  0.0094626424  -0.16126827  0.48262897  -0.0056646407  0.71417492  -0.070050543  0.0017995209  
-0.00070744553  0.0020069560  0.0012855851  0.012559725  0.021995732  -0.0067243252  0.0043088323  -0.0023220221  -0.10308726  -0.91807903  -0.21631728  
3.7872606e-06  -0.0011119150  -0.0012628863  -0.0033006277  0.0053336714  0.010307976  0.0050590213  0.025064024  -0.028206195  -0.24324842  0.93274110  
