0.99576011  0.0048165341  -0.0034874827  -0.0084490843  -9.0386516e-05  -0.0056699585  0.0082630910  0.019273639  -0.0046466562  -0.0096664869  -0.0099398004  
-0.0045483967  0.99361632  0.058996195  0.015615377  0.030437771  -0.0072991791  0.0027613803  -0.00012996560  -0.0016307093  0.00043348506  0.00084397356  
0.0077000187  -0.00033838077  -0.24860185  0.94649889  -7.6030373e-05  -0.00019864514  0.00028923914  0.0035738277  0.0060989333  0.020044093  -0.0053235607  
-0.0052582473  0.060869963  -0.93778804  -0.24781856  0.0054410410  -0.00068364515  -2.1760099e-06  0.0029696463  0.028550022  -0.0073340422  7.7504291e-05  
-0.00020214473  -0.030842107  -0.0052842627  0.00050895120  0.99012653  -0.073417184  -0.035765184  -0.00047755041  -0.049895349  0.012617353  -0.015162104  
0.0085208404  0.0038521710  0.00038714626  0.00016250633  -0.038355660  -0.026900093  -0.99207568  -0.0084407964  0.0015399537  -0.0019087163  -0.040230794  
-0.0055471507  -0.0052554051  -8.1749302e-05  -0.00026245843  -0.072036057  -0.99051169  0.028264231  -0.0021187555  0.0039142597  0.00011120326  0.030856753  
0.014779331  0.00024591162  -0.0055500290  0.0015268513  -0.00033562598  -0.00027005910  -0.0087399502  -0.95381657  -0.0034797453  -0.0048892694  -0.00050621253  
-0.010969406  -9.5137637e-05  -0.0064793101  0.021046319  0.00085668126  0.0010092864  -0.0015167849  0.010104782  -0.23354196  -0.96443156  0.032884586  
0.0018491546  -0.0017495917  0.029426100  0.0053672447  0.051422685  -0.0038290082  -0.0018339760  0.0093913769  0.96352521  -0.23345818  -0.0010245879  
0.011276284  -0.00091477190  -0.0014945255  -0.0051409300  0.015752185  0.028507948  -0.041535577  -7.0789708e-05  0.0074457100  0.031565133  0.95410481  
