0.98409498  0.023034488  0.012284361  0.014582229  -0.0048864439  0.00075190574  0.0087842879  0.0032449420  -0.011073348  -0.0027869716  0.0056644625  
0.022965499  -0.97971430  0.00079188479  0.073729627  0.029069165  0.0045925064  -0.038228098  -0.0076115634  -0.021666186  0.0031823728  -0.0027544837  
0.016776987  -0.062776692  -0.70022823  -0.59298094  -0.19802397  0.051630736  0.22494692  0.037302065  0.069878753  0.048444961  -0.020987973  
-0.0015029463  0.045090211  -0.54469747  0.62748344  -0.32131724  -0.30480621  -0.14131658  0.034871354  0.014709119  0.051235880  0.024118137  
0.0049537073  0.032788835  -0.34248178  0.14355071  0.89190275  -0.054674429  0.14820947  0.0051599355  -0.024644521  0.014933862  -0.0046370726  
-0.011472001  -0.022927902  0.13816461  0.24442127  -0.13765282  -0.17252824  0.84374476  -0.0093849379  -0.0024017241  0.0033428584  0.0012967721  
0.0018870935  -0.022260349  0.13548889  -0.25221228  0.067845829  -0.85157470  -0.015746296  -0.021590324  0.073191217  0.047412869  -0.20526649  
-0.0066338098  -0.0075528351  0.034474721  0.0058153875  0.012449981  -0.0053142304  0.010841628  0.95085533  -0.083413658  -0.070003982  0.023878135  
-0.0032965118  0.017450102  -0.0056410057  -0.076787382  -0.030705174  -0.010816257  0.030140674  -0.019795482  -0.85919008  0.32233418  -0.20447012  
0.0025050041  0.0049917559  -0.053280650  -0.016014967  -0.018655114  0.0011649246  -0.042593818  0.0010277091  -0.023539459  -0.68155218  -0.55356866  
0.0063526869  0.0045450389  0.0025827481  0.026868634  0.0073238677  0.0094251427  -0.19801951  0.073786312  0.26413118  0.53926165  -0.40037185  
