0.97249952  -0.0017667389  0.013991781  0.0035458622  -0.0043261732  -0.014338854  -0.023340247  0.0038368431  0.021436281  -0.0014918410  -0.010916414  
0.0018861756  0.96795807  -0.019514843  -0.0019827663  -0.10333953  -0.0012244296  -0.00010138501  -0.00041332450  -0.0026231252  0.00085137108  -4.0221255e-05  
0.014227113  -0.018877929  -0.97357084  -4.6004950e-05  0.0053440015  -0.0032635083  -0.0013703689  -0.0037796836  -0.0043463313  0.00066766217  -0.0029503862  
-0.0022480531  -0.099909572  -0.0034283254  -0.26633389  -0.92650506  0.085388304  -0.0011670496  0.00013294192  0.019598344  0.016022665  0.0039437783  
-0.0042219698  -0.026316726  -0.0011037769  0.92869600  -0.26360466  0.030654857  -0.017573982  0.0010108209  -0.026420688  -0.11395560  -0.0024142806  
-0.015959443  -0.0098375425  0.0014420409  0.0092380728  -0.085993434  -0.94960014  0.027693621  -0.015961465  0.15532040  -0.021246565  0.10225510  
-0.016556944  -0.0015216016  0.0026116146  -0.019621231  -0.0044545962  -0.081452564  -0.91110383  0.093289278  -0.30366629  0.043798094  -0.0072746298  
0.0021431352  -0.00054727991  0.0040016744  -0.00088588517  0.0012605259  0.011677339  -0.096695508  -0.96836904  -0.0057053210  -0.00063756660  0.0012827279  
0.027088369  -0.0044937838  0.0085440892  0.0068291925  -0.018730436  -0.13644627  0.31203514  -0.020902394  -0.74614059  0.20663430  -0.098526606  
-0.0044245179  -0.0012781239  -0.0011027033  0.11752961  -0.010603240  0.020411677  -0.033630069  0.00076470976  0.21517805  0.93832095  0.035009486  
3.2387817e-05  -0.0060600791  0.0015076444  0.0084919750  -0.015554519  -0.011112640  -0.0020711666  0.022218886  -0.0016904025  0.040063760  -0.029768011  
